                                 _____________________________

                                         SaTScan v9.6
                                 _____________________________


Program run on: Sun Nov 28 00:33:28 2021

Retrospective Space-Time analysis
scanning for clusters with high rates
using the Space-Time Permutation model.
_______________________________________________________________________________________________

SUMMARY OF DATA

Study period.......................: 2020/1/1 to 2021/11/30
Number of locations................: 3108
Total number of cases..............: 30463
_______________________________________________________________________________________________

CLUSTERS DETECTED

1.Location IDs included.: 39085, 39055, 39007, 39035, 39155, 39133, 39153, 39103, 39099, 39093,
                          42085, 42039, 39151, 42049, 42073, 39029, 39169, 39043, 39019, 42121,
                          39005, 39077, 42007, 39075, 42019, 39157, 54029, 39139, 39081, 39067,
                          39123, 42031, 39143, 42123, 39031, 36013, 54009, 42053, 39033, 39147,
                          42003, 39083, 42005, 26099, 26163, 26147, 39059, 39117, 54069, 42125,
                          39013, 26115, 42065, 39175, 39095, 39119, 39173, 39101, 39089, 26125,
                          54051, 42129, 42063, 39121, 39041, 39063, 42047, 39111, 36009, 42083,
                          42059, 26161, 26087, 26151, 39065, 39127, 26091, 39115, 39159, 36029,
                          54103, 42051, 39069, 39051, 26093, 39049, 42033, 39045, 54095, 42021,
                          39167, 26049, 54061, 39137, 42023, 39091, 54049, 54073, 39003, 36063,
                          26157, 39073, 42111, 26075, 39097, 39009, 36121, 36003, 54017, 39129,
                          39039, 39021, 26155, 26065, 42013, 54107, 42105, 54033, 26063, 39171,
                          26059, 39011, 54085, 54077, 54091, 39125, 36037, 39149, 39023, 39163,
                          24023, 26145, 39161, 54105, 42009, 39105, 42027, 36073, 39047, 54001,
                          39141, 42035, 54041, 36051, 42061, 26037, 54021, 39109, 39107, 18151,
                          26045, 18033, 24001, 39057, 26017, 54013, 26025, 26023, 54057, 39079,
                          54093, 54035, 54097, 36101, 42087, 18003, 18001, 26057, 42057, 39131,
                          42117, 54087, 39053, 54053, 36055, 39037, 39027, 39113, 54023, 54007,
                          26111, 26011, 39071, 26067, 54083, 54027, 18075, 54065, 42067, 18087,
                          36069, 18113, 42081, 18179, 26015, 39165, 26069, 39145, 42055, 36123,
                          26149, 42119, 54079, 54015, 26077, 18135, 39135, 54031, 18183, 39087,
                          26051, 54101, 42099, 42109, 26073, 54003, 26117, 18069, 36097, 18009,
                          39001, 24043, 54071, 36015, 54011, 51069, 54039, 42041, 26129, 18177,
                          39017, 21089, 39015, 54067, 36117, 51840, 36099, 26001, 26081, 18039,
                          39025, 18035, 18161, 51171, 18085, 54075, 42093, 26035, 54037, 42097,
                          21019, 42015, 18169, 18053, 42113, 39061, 42001, 26027, 26005
  Coordinates / radius..: (41.696560 N, 81.237343 W) / 395.86 km
  Time frame............: 2021/10/1 to 2021/11/30
  Number of cases.......: 1287
  Expected cases........: 498.08
  Observed / expected...: 2.58
  Test statistic........: 443.319645
  P-value...............: < 0.00000000000000001

2.Location IDs included.: 12086, 12011, 12087, 12021, 12099, 12051, 12043, 12085, 12071, 12111,
                          12015, 12093, 12055, 12027, 12061, 12049, 12115, 12081, 12097, 12105,
                          12009, 12057, 12095, 12103, 12101, 12117, 12069, 12119, 12053, 12127,
                          12017, 12083, 12035, 12107, 12075, 12109, 12001, 12019, 12007, 12041,
                          12029, 12125, 12031, 12067, 12023, 12003, 12121, 12089, 12123, 12047,
                          13049, 13039, 12079, 13101, 13065, 12065, 12129, 13299, 13127, 12037,
                          13025, 13185, 12073, 13173, 13027, 13229, 13191, 12045, 12077, 13275,
                          13003, 13305, 13075, 12039, 13019, 13005, 13131, 13183, 13071, 13069,
                          13179, 12013, 13001, 13087, 13277, 13051, 13155, 13029, 12005, 13161,
                          13205, 13253, 13267, 13017, 13321, 12063, 13109, 13271, 13201, 13007,
                          13287, 13279, 12133, 13095, 13309, 45013, 13209, 13103, 45053, 13315,
                          13031, 13099, 13081, 13037, 13043, 13177, 01069, 13091, 12059, 13283,
                          13273, 12131, 13235, 13093, 13107, 13061, 13175, 13243, 13261, 45049,
                          01061, 01067, 13251, 13023, 45019, 45029, 13165, 01045, 13307, 13167,
                          12091, 13153, 13239, 13193, 45005, 13249, 45035, 13259, 13289, 01031,
                          13225, 13319, 13033, 01005, 13197, 45015, 13303, 45009, 13163, 12113,
                          01039, 13269, 13053, 45011, 13021, 13079, 01109, 01113, 13009, 13125,
                          45075, 12033, 13245, 13169, 13215, 13263, 45043, 01011, 01041, 13141,
                          13207, 13293, 45003, 01053, 13301, 45089, 13189, 45027, 45017, 13073,
                          13145, 13237, 13171, 01035, 01003, 01087, 01081, 01013, 13159, 13231,
                          13265, 13035, 01101, 45037, 13199, 13133, 13255, 45085, 45063, 13181,
                          13211, 13285, 13317, 45079, 45051, 45065, 01017, 01099, 01085, 13151,
                          13217, 45041, 45081, 01097, 13113, 01051, 45067, 13221, 45061, 13077,
                          01123, 13247, 13063, 13219, 13297, 45047, 13149, 28059, 13059, 01131,
                          37019, 01001, 45071, 45055, 13105, 45031, 13089, 45001, 01111, 45039,
                          01025, 37047, 13013, 13195, 01047, 45033, 01037, 28039, 13121, 01129,
                          13135, 13097, 13045, 22075, 13157, 37129, 01027, 45059, 13147, 28047,
                          01021, 45069, 22087, 13067, 45025, 28041, 13119, 45057, 45007, 45023,
                          13011, 13223, 37155, 13143, 45087, 01029, 28131, 13117, 13139, 01105,
                          01091, 37017, 01121, 37141, 28045, 13257, 28111, 13057, 37165, 13233,
                          01023, 01117, 28153, 01007, 01015, 13085, 37007, 13137, 37179, 45091,
                          13015, 45073, 45083, 22071, 45045, 37153, 22051, 01065, 13187, 13311,
                          45077, 28035, 13227, 37093, 28109, 45021, 37133, 01115, 13115, 37051,
                          37163, 22103, 13241, 28023, 22057, 37061, 01019, 37119, 13129, 28067,
                          28073, 01119, 01073, 22089, 01055, 13123, 13291, 01063, 37071, 13281,
                          37167, 37123, 37125, 37045, 37149, 37025, 01125, 13055, 37175, 13111,
                          37103, 28075, 37031, 37043, 22095, 37113, 01009, 22117, 28061, 37161,
                          13213, 37089, 37085, 28091, 37109, 22109, 28031, 37099, 37105, 01049,
                          13313, 37107, 37049, 37039, 37191, 13295, 22105, 37159, 28069, 28147,
                          01127, 01095, 37035, 22093, 28065, 01107, 37137, 37101, 13047, 28101,
                          47139, 28129, 01043, 37151, 37075, 37021, 37111, 37037, 37087, 13083,
                          37079, 22063, 37023, 37057, 37173, 37097, 01057, 22005, 22007, 47011,
                          28103, 28077, 28113, 01071, 37183, 37059, 37003, 28099, 47123, 28127,
                          22091, 37195, 37147, 47065, 28123, 01133, 37027, 01103, 37013, 37199,
                          37115, 47107, 28087, 01075, 22101, 47115, 37001, 47009, 47155, 37081,
                          37121, 28159, 28085, 01089, 22033, 37135, 37067, 37063, 37011
  Coordinates / radius..: (25.614959 N, 80.562289 W) / 1169.72 km
  Time frame............: 2021/7/1 to 2021/9/30
  Number of cases.......: 1247
  Expected cases........: 603.43
  Observed / expected...: 2.07
  Test statistic........: 268.571409
  P-value...............: < 0.00000000000000001

3.Location IDs included.: 38061, 38101, 38013, 38075, 38105, 38053, 38025, 38055, 38057, 38023,
                          38049, 38009, 38065, 38007, 38089, 38083, 30091, 30083, 38069, 38033,
                          38059, 38079, 38015, 38041, 30085, 30109, 38037, 38087, 38103, 30021,
                          38005, 38001, 38095, 38043, 30019, 38011, 38085, 30025, 38027, 30055,
                          38029, 38071, 30079, 38031, 38093, 46031, 38047, 38019, 46105, 46063,
                          38063, 38039, 30105, 38051, 46021, 30017, 30011, 38099, 38045, 38003,
                          46129, 38091, 46041, 38067, 46089, 30033, 46137, 38035, 38021, 46019,
                          46045, 46107, 30087, 38097, 30075, 38073, 46093, 38017, 30071, 27069,
                          46013, 46119, 46049, 38081, 30103, 56011, 46055, 46117, 46081, 27089,
                          27119, 27107, 46091, 30069, 46065, 38077, 46069, 27027, 27125, 46103,
                          27113, 46115, 46037, 46059, 27135, 46075, 30005, 27167, 30065, 30003,
                          27087, 46109, 56005, 46071, 46033, 46025, 56033, 30111, 56045, 46085,
                          46017, 27005, 27155, 30027, 27029, 46005, 46095, 46029, 27111, 46102,
                          46073, 27051, 46051, 27011, 27007, 30037, 27077, 46057, 46015, 46047,
                          46007, 27149, 56019, 46077, 46111, 27057, 46121, 46123, 30041, 46003,
                          46039, 27041, 27159, 46097, 27073, 56003, 56027, 30107, 46035, 27121,
                          30015, 27151, 46011, 30095, 30045, 30009, 46053, 27153, 31045, 46061,
                          46079, 27021, 46043, 31103, 27023, 46023, 27081, 27173, 56043, 56009,
                          30097, 31161, 46087, 27071, 31031, 46101, 30051, 31165, 46067, 31015,
                          27035, 27083, 27067, 27061, 27145, 27097, 27117, 46099, 30059, 31013,
                          31017, 46009, 46125, 56025, 30013, 31149, 56017, 27129, 27093, 27101,
                          56029, 27127, 27133, 30067, 30101, 27009, 46135, 27001, 31089, 56015,
                          46083, 31075, 56031, 31091, 27095, 31107, 31171, 31157, 27105, 19119,
                          30007, 27141, 46027, 27171, 27033, 31123, 27085, 31009, 27065, 30073,
                          31069, 30031, 27015, 31115, 30099, 31027, 31005, 27137, 27143, 46127,
                          19167, 31117, 31071, 31007, 19143, 27059, 31003, 27017, 27063, 31113,
                          56013, 27019, 27103, 31139, 27165, 30049, 31183, 27115, 27053, 31051,
                          27003, 30043, 19141, 19149, 19059, 56001, 27025, 31033, 31101, 31179,
                          27139, 31175, 31041, 27091, 30035, 31105, 27079, 31049, 56021, 27013,
                          31043, 27123, 31119, 56039, 30057, 31011, 31077, 19041, 55013, 19063,
                          19035, 27163, 31111, 31167, 30077, 56007, 55031, 31173, 27037, 19193,
                          55095, 08115, 27075, 27131, 31135, 27161, 30093, 31163, 27043, 31039,
                          19147, 19021, 16043, 31141, 31125, 31093, 55109, 08075, 19093, 31047,
                          55129, 19109, 27147, 16081, 56035, 30023, 31037, 08095, 19133, 31021,
                          27049, 19151, 55093, 31121, 31029, 19189, 55005, 31019, 27047, 30039,
                          19161, 31085, 55007, 31053, 30029, 08123, 27039, 31143, 31063, 16065,
                          31079, 30001, 08069, 19091, 30047, 30063, 19047, 55033, 31073, 31023,
                          27031, 19081, 16033, 19025, 31081, 31177, 19195, 31137, 55113, 19085,
                          55091, 56037, 08087, 27157, 31057, 16019, 08057, 27099, 31155, 27109,
                          31099, 31185, 31087, 19027, 31145, 55107, 55003, 19187, 19197, 31001,
                          19033, 16051, 31055, 19165, 08125, 31065, 31159, 55017, 19131, 55011,
                          08121, 31035, 30081, 31083, 56023, 19073, 31153, 55035, 19009, 31061,
                          08013, 19155, 19069, 31059, 08107, 19079, 16029, 19067, 20023, 55051,
                          31109, 27045, 08001, 27169, 20153, 08014, 31181, 19089, 31025, 20039,
                          31151, 55121, 08049, 19015, 19077, 55099, 30089, 30061, 16059, 16011,
                          31129, 20137, 19129, 08031, 19023, 16007, 08047, 19083, 55119, 19029,
                          08081, 30053, 08005, 20147, 19037, 31169, 16023, 31131, 26053, 19049,
                          19169, 55019, 27055, 20183, 19137, 19191, 08019, 31095, 16005, 19001,
                          20181, 08059, 55053, 19071, 19075, 19017, 55063, 08063, 20193, 49009,
                          31067, 20089, 31097, 26131, 20179, 16041, 08117, 55125, 19153, 19003,
                          08039, 19127, 56041, 20157, 20065, 19145, 19121, 08035, 19065, 19013,
                          49033, 31127, 19005, 55069, 55085, 16035, 20163, 08037, 16079, 16037,
                          55081, 16077, 31133, 19175, 29005, 20141, 20201, 08103, 16049, 19171,
                          55123, 19173, 19099, 08073, 55073, 49005, 19181, 55141, 20199, 20123,
                          26061, 20109, 26083, 19019, 16071, 20029, 16021, 31147, 08017, 55023,
                          19043, 20063, 16013, 20117, 08093, 19039, 19159, 08065, 20195, 16017,
                          08045, 19011, 29147, 19125, 55057, 08041, 19157, 16067, 08119, 20051,
                          49043, 55067, 49047, 08097, 20131, 29227, 26013, 29087, 26071, 55103,
                          55041, 19055, 20027, 55097, 16055, 19117, 20105, 19053, 20167, 16009,
                          49029, 20143, 55001, 20013, 49057, 16085, 19123, 20071, 16063, 55043,
                          19113, 16061, 20203, 19095, 08061, 20171, 49013, 20161, 16057, 55037,
                          29075, 20101, 20149, 19135, 29003, 19185, 08015, 29081, 55111, 16025,
                          16031, 20043, 19061, 20135, 55078, 53051, 20165, 08025, 16069, 55115,
                          55137, 19107, 55135, 19105, 20053, 20085, 08043, 29129, 55049, 16053,
                          55077, 49011, 20169, 19103, 20005, 20061, 19007, 19179, 20041, 20009,
                          29063, 49051, 26043, 53063, 49003, 29021, 26103, 08051, 16047, 08101,
                          08029, 49035, 55083, 16015, 08077, 55075, 29061, 19183, 55065, 29171,
                          19031, 20075, 55021, 55047, 20055, 16003, 20093, 29079, 19097, 08099,
                          20197, 08011, 53003, 20083, 20145, 20087, 19051, 19101, 53065, 55087,
                          53075, 20159, 29049, 20177, 08027, 17085, 16039, 55139, 08089, 29211,
                          29165, 20127, 55025, 20113, 49007, 19139, 26109, 20103, 53023, 16083,
                          29197, 19045, 29025, 41063, 49049, 55045, 19177, 20185, 19115, 08109,
                          29117, 19087, 20047, 20115, 16045, 20069, 29047, 19163, 55009, 49019,
                          55039, 20209, 55015, 29001, 20045, 16087, 55027, 29199, 29115, 20187,
                          17177, 20057, 20067, 17015, 20139, 08055, 20081, 08085, 29177, 53013,
                          20155, 17161, 53019, 20111, 26041, 20017, 16001, 19057, 53043, 20079,
                          08091, 20091, 55055, 55061, 17131, 26003, 16075, 55105, 19111, 55029,
                          29033, 55071, 29095, 29045, 20097, 20151, 29103, 08009, 17195, 20059,
                          49045, 08003, 29121, 55131, 55117, 08071, 17201, 16027, 53001, 17071,
                          08053, 49015, 29041, 08105, 20129, 29107, 17073, 20189, 49039, 08079,
                          17141, 20119, 20031, 20175, 20121, 20095, 41061, 55133, 41001, 20173,
                          08113, 53071, 29111, 55089, 17187, 20025, 08111, 26153, 55127, 08023,
                          17067, 20015, 29037, 17007, 29205, 16073, 29195, 20003, 20033, 20073,
                          17103, 29175, 17095, 29101, 20007, 55079, 53021, 49023, 17011, 08021,
                          17109, 08033, 20107, 20207, 29127, 55101, 17111, 17175, 29089, 20077,
                          29137, 40025, 17001, 17037, 41059, 40139
  Coordinates / radius..: (48.201327 N, 102.355664 W) / 1274.72 km
  Time frame............: 2020/9/1 to 2020/11/30
  Number of cases.......: 1314
  Expected cases........: 750.95
  Observed / expected...: 1.75
  Test statistic........: 177.494790
  P-value...............: < 0.00000000000000001

4.Location IDs included.: 53015, 41009, 53041, 53011, 53069, 53059, 41051, 41067, 41007, 53067,
                          53049, 53053, 41027, 41057, 41005, 41071, 53045, 53027, 41047, 53039,
                          53077, 41053, 53035, 53033, 41065, 41055, 53037, 53031, 41043, 41041,
                          41003, 41031, 41021, 53061, 53029, 53009, 53007, 53005, 41039, 41049,
                          41069, 53057, 53055, 53025, 41017, 53017
  Coordinates / radius..: (46.193242 N, 122.681002 W) / 284.19 km
  Time frame............: 2021/5/1 to 2021/6/30
  Number of cases.......: 255
  Expected cases........: 64.09
  Observed / expected...: 3.98
  Test statistic........: 161.824677
  P-value...............: < 0.00000000000000001

5.Location IDs included.: 29077, 29043, 29167, 29225, 29109, 29057, 29059, 29209, 29039, 29213,
                          29009, 29085, 29229, 29105, 29067, 29097, 29011, 29185, 29145, 29029,
                          05015, 29153, 05009, 29217, 29119, 29015, 29169, 29215, 05089, 05007,
                          29083, 29131, 20021, 29141, 20037, 40115
  Coordinates / radius..: (37.258048 N, 93.342000 W) / 138.45 km
  Time frame............: 2021/6/1 to 2021/6/30
  Number of cases.......: 74
  Expected cases........: 9.86
  Observed / expected...: 7.51
  Test statistic........: 85.095640
  P-value...............: < 0.00000000000000001
_______________________________________________________________________________________________

PARAMETER SETTINGS

Input
-----
  Case File        : /Users/mohsen/Desktop/Courses/Arc1/Project/USpatialServer_whole_at_once/shapes/Cases.cas
  Time Precision   : Month
  Start Time       : 2020/1/1
  End Time         : 2021/11/30
  Coordinates File : /Users/mohsen/Desktop/Courses/Arc1/Project/USpatialServer_whole_at_once/shapes/Coordinates.geo
  Coordinates      : Latitude/Longitude

Analysis
--------
  Type of Analysis        : Retrospective Space-Time
  Probability Model       : Space-Time Permutation
  Scan for Areas with     : High Rates
  Time Aggregation Units  : Month
  Time Aggregation Length : 1

Output
------
  Main Results File    : /Users/mohsen/Desktop/Courses/Arc1/Project/USpatialServer_whole_at_once/shapes/st_st_permut_label.txt
  Google Earth File    : /Users/mohsen/Desktop/Courses/Arc1/Project/USpatialServer_whole_at_once/shapes/st_st_permut_label.kml
  Google Maps File     : /Users/mohsen/Desktop/Courses/Arc1/Project/USpatialServer_whole_at_once/shapes/st_st_permut_label.clustermap.html
  Shapefile            : /Users/mohsen/Desktop/Courses/Arc1/Project/USpatialServer_whole_at_once/shapes/st_st_permut_label.clustermap.col.shp
  Cartesian Graph File : /Users/mohsen/Desktop/Courses/Arc1/Project/USpatialServer_whole_at_once/shapes/st_st_permut_label.cluster.html
  Cluster File         : /Users/mohsen/Desktop/Courses/Arc1/Project/USpatialServer_whole_at_once/shapes/st_st_permut_label.cluster.col.dbf

Data Checking
-------------
  Temporal Data Check     : Check to ensure that all cases and controls are within the specified temporal study period.
  Geographical Data Check : Check to ensure that all observations (cases, controls and populations) are within the specified geographical area.

Spatial Neighbors
-----------------
  Use Non-Euclidian Neighbors file : No
  Use Meta Locations File          : No
  Multiple Coordinates Type        : Allow only one set of coordinates per location ID.

Spatial Window
--------------
  Maximum Spatial Cluster Size : 50 percent of population at risk
  Window Shape                 : Circular

Temporal Window
---------------
  Minimum Temporal Cluster Size : 1 Month
  Maximum Temporal Cluster Size : 50 percent of study period

Cluster Restrictions
--------------------
  Minimum Cases in Cluster for High Rates : 2
  Restrict High Rate Clusters             : No

Space And Time Adjustments
--------------------------
  Adjust for Weekly Trends, Nonparametric : No

Inference
---------
  P-Value Reporting                  : Default Combination
  Number of Replications             : 999
  Adjusting for More Likely Clusters : No

Spatial Output
--------------
  Automatically Launch Map                  : Yes
  Compress KML File into KMZ File           : No
  Include All Location IDs in the Clusters  : Yes
  Cluster Location Threshold - Separate KML : 1000
  Report Hierarchical Clusters              : Yes
  Criteria for Reporting Secondary Clusters : No Geographical Overlap
  Restrict Reporting to Smaller Clusters    : No

Temporal Graphs
---------------
  Produce Temporal Graphs : No

Other Output
------------
  Report Critical Values  : No
  Report Monte Carlo Rank : No

Run Options
-----------
  Processor Usage   : All Available Processors
  Suppress Warnings : No
  Logging Analysis  : No
_______________________________________________________________________________________________

Program completed  : Sun Nov 28 00:57:39 2021
Total Running Time : 24 minutes 11 seconds
Processor Usage    : 8 processors