                                 _____________________________

                                        SaTScan v9.6.1
                                 _____________________________


Program run on: Sat Nov 27 23:48:19 2021

Retrospective Space-Time analysis
scanning for clusters with high rates
using the Space-Time Permutation model.
_______________________________________________________________________________________________

SUMMARY OF DATA

Study period.......................: 2020/1/1 to 2021/11/30
Number of locations................: 3108
Total number of cases..............: 92089180
_______________________________________________________________________________________________

CLUSTERS DETECTED

1.Location IDs included.: 46065, 46119, 46069, 46085, 46117, 46017, 46075, 46107, 46059, 46049,
                          46015, 46095, 46041, 46073, 46129, 46123, 46055, 46045, 46005, 46003,
                          46115, 46121, 46137, 46053, 46071, 46021, 46111, 46089, 46035, 31103,
                          46043, 46023, 46031, 46013, 46025, 46007, 31015, 46061, 46097, 38051,
                          46077, 38085, 38029, 46067, 46093, 46037, 31017, 31149, 31031, 38021,
                          46087, 46057, 46103, 46009, 46105, 46029, 46079, 38047, 46102, 31089,
                          46091, 38037, 46011, 38045, 46125, 31107, 46135, 38081, 46039, 46101,
                          46099, 46051, 38001, 31009, 46109, 38059, 31115, 31171, 46019, 31161,
                          31071, 46033, 38043, 31091, 38015, 46083, 31003, 46027, 38073, 27081,
                          31027, 38041, 38093, 31183, 27117, 46081, 27011, 46063, 31139, 31075,
                          27133, 27073, 46047, 31045, 31113, 27155, 38077, 46127, 38003, 38065,
                          19119, 31175, 31117, 31051, 27173, 27083, 31041, 31077, 38011, 31179,
                          31119, 31011, 19167, 38089, 27101, 27149, 31005, 31013, 27105, 27167,
                          38031, 38087, 27151, 38017, 38057, 31043, 38083, 19149, 27051, 38103,
                          31167, 27023, 31069, 31163, 56011, 38039, 19143, 56045, 31165, 31125,
                          38055, 31141, 31093, 31173, 31111, 27127, 31039, 30011, 38027, 31101,
                          19141, 27121, 38091, 31123, 27033, 38025, 19193, 56027, 27027, 31047,
                          31121, 31037, 38007, 27063, 27041, 19035, 31019, 27129, 27067, 27111,
                          19059, 38097, 31143, 30025, 31079, 31021, 31049, 38005, 38033, 31157,
                          31053, 19041, 31135, 38063, 19133, 27015, 31023, 31081, 19093, 27107,
                          31033, 38069, 31063, 38049, 31073, 19021, 27165, 31137, 08115, 56015,
                          30109, 31007, 31185, 31085, 38035, 27005, 27093, 31099, 19063, 27153,
                          31177, 56005, 38101, 27091, 38071, 27145, 31155, 31001, 19147, 31029,
                          19161, 19085, 31159, 38053, 27085, 19047, 27103, 30075, 27143, 31035,
                          27087, 38061, 27159, 08095, 31055, 19151, 31105, 27119, 31065, 31145,
                          56009, 31083, 31059, 27013, 56031, 38099, 31061, 31087, 08075, 38095,
                          30017, 19109, 31153, 27097, 31109, 27171, 31181, 19165, 19025, 38079,
                          31057, 31151, 27043, 27125, 19027, 27019, 27009, 38009, 31129, 30021,
                          27057, 19155, 27079, 38075, 31025, 19091, 30079, 38019, 27029, 27141,
                          31169, 27113, 19009, 20137, 27161, 27139, 20039, 56021, 19189, 38105,
                          20147, 30083, 19129, 27035, 19187, 20153, 27053, 38067, 20183, 27089,
                          31131, 19081, 19073, 31095, 27021, 38013, 56019, 08125, 27095, 20023,
                          27131, 20089, 31067, 19029, 19197, 27047, 19077, 31097, 27147, 27003,
                          19071, 20157, 27059, 19137, 27069, 56033, 27123, 27037, 19195, 27065,
                          19079, 08087, 56001, 19015, 27007, 08121, 08123, 38023, 31127, 19033,
                          20065, 20179, 20163, 19001, 30087, 31133, 20201, 27163, 20193, 19145,
                          27001, 20141, 56025, 19049, 27039, 27025, 19003, 19069, 20123, 30055,
                          27049, 20181, 29005, 20029, 30085, 27135, 27099, 20117, 19131, 19083,
                          19169, 31147, 30091, 19121, 19173, 19067, 27115, 55109, 19175, 55093,
                          30003, 27061, 19153, 30103, 08063, 55095, 27109, 20027, 20131, 20195,
                          19023, 08069, 20063, 20051, 20105, 29147, 56043, 20109, 20143, 08001,
                          20167, 27157, 29087, 55013, 27017, 19159, 19075, 27077, 19127, 19181,
                          20013, 19089, 20199, 20161, 30033, 19039, 29227, 20149, 19037, 55091,
                          56003, 27045, 08005, 56007, 19099, 27071, 55033, 19017, 08014, 30019,
                          20043, 08013, 29003, 20053, 19053, 55005, 20085, 29075, 20169, 08031,
                          55011, 20165, 08017, 19013, 27169, 19125, 19171, 20061, 20135, 20041,
                          20101, 19117, 20171, 08039, 20005, 08057, 55129, 19191, 20009, 29081,
                          20203, 08073, 55031, 30111, 20071, 30105, 19157, 19065, 29021, 56017,
                          08047, 29063, 19185, 20197, 27137, 27055, 55121, 29129, 08059, 20159,
                          20087, 19123, 20177, 55035, 19135, 19011, 19019, 20127, 55017, 20145,
                          08049, 20113, 08035, 30065, 29061, 08019, 08061, 20083, 19005, 29049,
                          29165, 55107, 30069, 20103, 20055, 56013, 19007, 55063, 19095, 29079,
                          20115, 55113, 20185, 19043, 30009, 29171, 20093, 08107, 19107, 19179,
                          29025, 08041, 20047, 55007, 20045, 20075, 19113, 19055, 29047, 20209,
                          20139, 55053, 08117, 29211, 20111, 20155, 20017, 20079, 55123, 55023,
                          29117, 20069, 19051, 08099, 55019, 30071, 08025, 20057, 19103, 08119,
                          20091, 29177, 55081, 30037, 30095, 29197, 27075, 08093, 55119, 19183,
                          19101, 20059, 20151, 29115, 55003, 29095, 08011, 19105, 56029, 20097,
                          20081, 08037, 19061, 55043, 29001, 20067, 29033, 55099, 20031, 19177,
                          20187, 55103, 20173, 20095, 19031, 20121, 29199, 08065, 20015, 30027,
                          56037, 29107, 08089, 19087, 08101, 20073, 55057, 55051, 55141, 20003,
                          19139, 29037, 08081, 29041, 19115, 29121, 20025, 20119, 30097, 08043,
                          29103, 19097, 30107, 20033, 20175, 20007, 20207, 55049, 20189, 29045,
                          20107, 29195, 55073, 29101, 55111, 08015, 08097, 19111, 20129, 55069,
                          08009, 19045, 55001, 20077, 19057, 55065, 56035, 30005, 19163, 17085,
                          20001, 20191, 27031, 29205, 29175, 29013, 08027, 29111, 55097, 20049,
                          17161, 17131, 26053, 55085, 08103, 30067, 20035, 20205, 29089, 29159,
                          55125, 17071, 08045, 29083, 20011, 40059, 56039, 55077, 17067, 30045,
                          40007, 40151, 08055, 17015, 20133, 29137, 55137, 08071, 29127, 29053,
                          55045, 40139, 55021, 17187, 55025, 40003, 08051, 20019, 40053, 17177,
                          55067, 29217, 26131, 17195, 49009, 17073, 17001, 55135, 29019, 40071,
                          40025, 08109, 55047, 20125, 29185, 20037, 29015, 17109, 30059, 29173,
                          17095, 29007, 30031, 40153, 29135, 29141, 55115, 30015, 20099, 55041,
                          56023, 55078, 08029, 16081, 08003, 29011, 55105, 29039, 48295, 17141,
                          17169, 17201, 55139, 48357, 30041, 17009, 40093, 29085, 40045, 17175,
                          48195, 40047, 55027, 29027, 20021, 08023, 17057, 16043, 55055, 17011,
                          40113, 49047, 55087, 48421, 17103, 29051, 26071, 17149, 40103, 40147,
                          29163, 40105, 55039, 26061, 08077, 30007, 55037, 56041, 08105, 35059,
                          17143, 48111, 55083, 29057, 29097, 29029, 29139, 17007, 29131, 16065,
                          29167, 30013, 16019, 40043, 55015, 40035, 26013, 40117, 17017, 17155,
                          55127, 30057, 29151, 16007, 08079, 17123, 17171, 40115, 29059, 17125,
                          55075, 16029, 55131, 08091, 35007, 48211, 17037, 55133, 55009, 08053,
                          48393, 08021, 40073, 29113, 40011, 48233, 08085, 29145, 40119, 17111,
                          17137, 29109, 17179, 26083, 30051, 49033, 29219, 48341, 55117, 40131,
                          30043, 29125, 17099, 26043, 17013, 40083, 29073, 40129, 17203, 17129,
                          49013, 29077, 55071, 55089, 17061, 29105, 48205, 17089, 40039, 49043,
                          08111, 55101, 29169, 55079, 40143, 16033, 55061, 55059, 16051, 40097,
                          29119, 26109, 16041, 26103, 40041, 17093, 35055, 29225, 40037, 17083,
                          29183, 17107, 17097, 17167, 08007, 49019, 29071, 29161, 49005, 40017,
                          08113, 29009, 48483, 40081, 48179, 35021, 16011, 16005, 55029, 17063,
                          29043, 48065, 17043, 30093, 40109, 30049, 17117, 40145, 17113, 30101,
                          17105, 48375, 29209, 29229, 49029, 40009, 40149, 30099, 29055, 05007,
                          29189, 49007, 30001, 35033, 49051, 48359, 17039, 08033, 17031, 08067,
                          30073, 40111, 49057, 17197, 29510, 40021, 40015, 29215, 17021, 29065,
                          26041, 17115, 30023, 40107, 17119, 29213, 30077, 29067, 29099, 17135,
                          35039, 16071, 29221, 40027, 05015, 48087, 40001, 48129, 16077, 40101,
                          40055, 17053, 17091, 40125, 48011, 16023, 05143, 17147, 40075, 40051,
                          49011, 49035, 48381, 17133, 40133, 17163, 40087, 08083, 40091, 26003,
                          17005, 49049, 29153, 49015, 48117, 05009, 35047, 30039, 05087, 40057,
                          17075, 35037, 17139, 18089, 17019, 17173, 29203, 29187, 29093, 40135,
                          40063, 29091, 35028, 29179, 17027, 17051, 40031, 40065, 29186, 05033,
                          05089, 26105, 26153, 48075, 18111, 48191, 17041, 26127, 40061, 18127,
                          40049, 48045, 30035, 16059, 05101, 17157, 48437, 26101, 26019, 49039,
                          17189, 05005, 16067, 49003, 17183, 35049, 40123, 17029, 40121, 48069,
                          49037, 05047, 17049, 18073, 29123, 26121, 40137, 40141, 30063, 17121,
                          18007, 30081, 29149, 48369, 26089, 18091, 35045, 48197, 16031, 29035,
                          16013, 17035, 05049, 05071, 05129, 35009, 35043, 29157, 40099, 18171,
                          17145, 26085, 49055, 40033, 05131, 40077, 26021, 40029, 16037, 35019,
                          26139, 17045, 26123, 29223, 18149, 17025, 26055, 17081, 26165, 30047,
                          16063, 18131, 48101, 18181, 29017, 40079, 48487, 05065, 18165, 48345,
                          17079, 26095, 18045, 40019, 05083, 17077, 48153, 26159, 26005, 29181,
                          18141, 17023, 40069, 05115, 40067, 05137, 48189, 48155, 30029, 48485,
                          49045, 18157, 29031, 49041, 16053, 40005, 05135, 48279, 17055, 26027,
                          05141, 18099, 17191, 26133, 26081, 18121, 05121, 48017, 17159, 05127,
                          26009, 26107, 29023, 26029, 49023, 40127, 17033, 18167, 18015, 35011,
                          18049, 26079, 18107, 26097, 26113, 35001, 17181, 40085, 05149, 17199,
                          40095, 17065, 18017, 16025, 48077, 18039, 05029, 29207, 35041, 26077,
                          26047, 35057, 05023, 26117, 05075, 17047, 18153, 29201, 17101, 48269,
                          05063, 18023, 48275, 48023, 48125, 26015, 16047, 18021, 17003, 49017,
                          30061, 40013, 18085, 48009, 48107, 26149, 05021, 18133, 35031, 16083,
                          05113, 26035, 48337, 17185, 17087, 48303, 17165, 26067, 18103
  Coordinates / radius..: (44.389019 N, 99.996010 W) / 1208.49 km
  Time frame............: 2020/9/1 to 2020/11/30
  Number of cases.......: 5356478
  Expected cases........: 3126761.75
  Observed / expected...: 1.71
  Test statistic........: 681901.659261
  P-value...............: < 0.00000000000000001

2.Location IDs included.: 36103, 09009, 09001, 36059, 09007, 36119, 36081, 36005, 09011, 36061,
                          36047, 36079, 34003, 36087, 09003, 34017, 09005, 36085, 09013, 34013,
                          44009, 34031, 36027, 34039, 09015, 34025, 36071, 44003, 34023, 25013,
                          34027, 34035, 44007, 44005, 34037, 44001, 34029, 36111, 25015, 36021,
                          25003, 34021, 34019, 25005, 34041, 25027, 36105, 36039, 34005, 42103,
                          25011, 25007, 25021, 42017, 42095, 25023, 42089, 36083, 36001, 34007,
                          42101, 25017, 34001, 25025, 42127, 42091, 36025, 36095, 34015, 42077,
                          33005, 25001, 50025, 25019, 36093, 42069, 42025, 42045, 50003, 33011,
                          34009, 34011, 25009, 34033
  Coordinates / radius..: (40.868610 N, 72.844812 W) / 255.73 km
  Time frame............: 2020/3/1 to 2020/5/31
  Number of cases.......: 1029438
  Expected cases........: 287905.91
  Observed / expected...: 3.58
  Test statistic........: 573113.458679
  P-value...............: < 0.00000000000000001

3.Location IDs included.: 12051, 12043, 12021, 12071, 12099, 12011, 12015, 12055, 12085, 12027,
                          12093, 12111, 12086, 12049, 12115, 12087, 12061, 12081, 12105, 12097,
                          12057, 12009, 12103, 12095, 12101, 12117, 12069, 12053, 12119, 12127,
                          12017, 12083, 12035, 12075, 12107, 12001, 12109, 12019, 12041, 12007,
                          12029, 12125, 12031, 12067, 12023, 12003, 12121, 12089, 12123, 12047,
                          13049, 12079, 13039, 13101, 12065, 13065, 12129, 12037, 13299, 13185,
                          13127, 13025, 12073, 13173, 13027, 13229, 12077, 12045, 13275, 13191,
                          13003, 13075, 12039, 13305, 13019, 13131, 13005, 13071, 13069, 13183,
                          12013, 13087, 13179, 13001, 13277, 13205, 13155, 12005, 13161, 13051,
                          13253, 13029, 13017, 13321, 12063, 13267, 13201, 13007, 13287, 13271,
                          13109, 13095, 13279, 12133, 13309, 13209, 13315, 13099, 13103, 13037,
                          13081, 13177, 45013, 01069, 13031, 13091, 45053, 13043, 12059, 13273,
                          13283, 12131, 13235, 13093, 13061, 13243, 13261, 13175, 01067, 01061,
                          13107, 13023, 13251, 45049, 13307, 01045, 13165, 13167, 13239, 13153,
                          12091, 13193, 45029, 13249, 45019, 13259, 13289, 01031, 45005, 13225,
                          01005, 13319, 13197, 13033, 45035, 13303, 13269, 01039, 13163, 13053,
                          12113, 13021, 13079, 45009, 01109, 45011, 01113, 45015, 13009, 13215,
                          13125, 13169, 13263, 01011, 12033, 13245, 01041, 13293, 13207, 45075,
                          13141, 01053, 13301, 13145, 45003, 13171, 13189, 13237, 01087, 01035,
                          13073, 01081, 45043, 01013, 01003, 13159, 13231, 45017, 13035, 45027,
                          13265, 01101, 13199, 45089, 13255, 13133, 45037, 13285, 13211, 13181,
                          01017, 45063, 13317, 01085, 13151, 13217, 01099, 45085, 45065, 01051,
                          13113, 45081, 45079, 13077, 01123, 01097, 13221, 13063, 13247, 13219,
                          13297, 13149, 45041, 45051, 01131, 13059, 01001, 45047, 45061, 28059,
                          45067, 13089, 01111, 13105, 45071, 01047, 45001, 01025, 01037, 13013,
                          13195, 13121, 13097, 13045, 45055, 13135, 01129, 45039, 28039, 45031,
                          01027, 13157, 01021, 37019, 13147, 13067, 45059, 45033, 22075, 37047,
                          13119, 28047, 13223, 28041, 13143, 01029, 13011, 45007, 01121, 13117,
                          01105, 13139, 22087, 01091, 45025, 45023, 45057, 45087, 45069, 28131,
                          37129, 13057, 13257, 13233, 01117, 01023, 01007, 28111, 01015, 28045,
                          37155, 13085, 13015, 28153, 13137, 45073, 37017, 01065, 13187, 13311,
                          13227, 45045, 45083, 37165, 45091, 01115, 45077, 37141, 37179, 13115,
                          28035, 37007, 22071, 45021, 28109, 01019, 22051, 37153, 13241, 28023,
                          13129, 01073, 01055, 01119, 13123, 01063, 37093, 13291, 28067, 22103,
                          13281, 28073, 37119, 13055, 01125, 22057, 37051, 13111, 37071, 28075,
                          37175, 22089, 01009, 37149, 37163, 37133, 37045, 37043, 13213, 37167,
                          37113, 28061, 37061, 37123, 37025, 37089, 01049, 37161, 13313, 37125,
                          22117, 37099, 28091, 28031, 13295, 22095, 37109, 37039, 28069, 01127,
                          01095, 01107, 13047, 22109, 37085, 01043, 47139, 28101, 28065, 22105,
                          28147, 37103, 37105, 37075, 28129, 13083, 37159, 37035, 37021, 37087,
                          37031, 01057, 37173, 37111, 22093, 47011, 28103, 37107, 37023, 01071,
                          37191, 37151, 22063, 37049, 37097, 28077, 47123, 37057, 28099, 37101,
                          47065, 01133, 01103, 37037, 28113, 22005, 28127, 22007, 28123, 47107,
                          28087, 37003, 01075, 47115, 37137, 37059, 22091, 37199, 37115, 37027,
                          37079, 01089, 47009, 28159, 47155, 37183, 47121, 37121, 28085, 47029,
                          47153, 28121, 01093, 28079, 37011, 01079, 37195, 47105, 28105, 47051,
                          22033, 22101, 37081, 37147, 47143, 37067, 37001, 37197, 28005, 47171,
                          01083, 37193, 47061, 22037, 37135, 37013, 28095, 47007, 28025, 37063,
                          28029, 37189, 22047, 47089, 47145, 47059, 22121, 47093, 28019, 01059,
                          47103, 47019, 28007, 37127, 47127, 47179, 28089, 28037, 47063, 37069,
                          37065, 47175, 22099, 37171, 47031, 37169, 22045, 37009, 28049, 28057,
                          47001, 37095, 37157, 37117, 47091, 47057, 37005, 47177, 01033, 47035,
                          28155, 37033, 28017, 22125, 37077, 47173, 28157, 47073, 47055, 47163,
                          37145, 47129, 01077, 47003, 28063, 22077, 47185, 37187, 28021, 28097,
                          28081, 37181, 51520, 51077, 51640, 47117, 47067, 51590, 28163, 28051,
                          51141, 37083, 47015, 47025, 37015, 47013, 28001, 47099, 37185, 37177,
                          51035, 51089, 51690, 51191, 28141, 28013, 28149, 47041, 51169, 28115,
                          28015, 28117, 22055, 47141, 47151, 51105, 51173, 37055, 47149, 47049,
                          22097, 37041, 51197, 22113, 37131, 47181, 28043, 47119, 51143, 22029,
                          51083, 21013, 51063, 47133, 51117, 22107, 51167, 28145, 37091, 28053,
                          21095, 51720, 37143, 47101, 28003, 28125, 28161, 51195, 51067, 22009,
                          21235, 22065, 51155, 47159, 47087, 47071, 28055, 47137, 47187, 28083,
                          47189, 21147, 22001, 28139, 51081, 51185, 51021, 51750, 21121, 28071,
                          51025, 37139, 37073, 51595, 51051, 22025, 51121, 21133, 47027, 51037,
                          51111, 47109, 37029, 47081, 22035, 22039, 21131, 21231, 47169, 22041,
                          21053, 28135, 51175, 47135, 51027, 47037, 51620, 51161, 28009, 51071,
                          28133, 51770, 51775, 37053, 47111, 51031, 28151, 47039, 21051, 21193,
                          54047, 21057, 51800, 21125, 51019, 54055, 21171, 28107, 22059, 51183,
                          47165, 22053, 28093, 22123, 21119, 51135, 51147, 47023, 22083, 51550,
                          47021, 21199, 51053, 47069, 21207, 47043, 51045, 21195, 51680, 22079,
                          47077, 28119, 51011, 51093, 54063, 22003, 22021, 47085, 05017, 21003,
                          54109, 51023, 28137, 51810, 21189, 51740, 28011, 21071, 47147, 22023,
                          21169, 54089, 21001, 51007, 21025, 51730, 21109, 21203, 51149, 51710,
                          22043, 22067, 51181, 47047, 21009, 51570, 28027, 21213, 47113, 51009,
                          47005, 54059, 47083, 54081, 51670, 21045, 51049, 22073, 51041, 51029,
                          21129, 28033, 47125, 51700, 51650, 21153, 51580, 51005, 51530, 47017,
                          21137, 54045, 21159, 28143, 51678, 05003, 22019, 51145, 51735, 21087,
                          51036, 05041, 21227, 51163, 21237, 22127, 51830, 21217, 51199, 21115,
                          21065, 47075, 21141, 51095, 51125, 54025, 51760, 47157, 51087, 22011,
                          21079, 47161, 22049, 05107, 22115, 21099, 21151, 54019, 21219, 54005,
                          21061, 47033, 21197, 51075, 21021, 51127, 21175, 47079, 05043, 21155,
                          47053, 51073, 51065, 51017, 21165, 47167, 22111, 21127, 51115, 22069,
                          51085, 21031, 21123, 54099, 54043, 21047, 05077, 05035, 51820, 51101,
                          47183, 22061, 51003, 21063, 21113, 51131, 21167, 21049, 21229, 51540,
                          47097, 05001, 21173, 21221, 51097, 51015, 51119, 21035, 51109, 51790,
                          05079, 54067, 48361, 21085, 05011, 54039, 21011, 21205, 05123, 21177,
                          48351, 54075, 21067, 21179, 47045, 05095, 22013, 21093, 51103, 21043,
                          21019, 21239, 51091, 21005, 54011, 05139, 54015, 51033, 48245, 22085,
                          47131, 51057, 21017, 05093, 21183, 54101, 51079, 22081, 54079, 21157,
                          51159, 51137, 21083, 21143, 05037, 51177, 21215, 21069, 05025, 21033,
                          51133, 21181, 22027, 48241, 21107, 21029, 51660, 05013, 05069, 21027,
                          47095, 48403, 21089, 21209, 21073, 39087, 21075, 21105, 51113, 51165,
                          21135, 21149, 51193, 29155, 05111, 51001, 21211, 51630, 54007, 54087,
                          05117, 21097, 21163, 51099, 05147, 21201, 48199, 54071, 22119, 21111,
                          51047, 54053, 21091, 21039, 21059, 21161, 22031, 48071, 54083, 51179,
                          21233, 21139, 51139, 21055, 54035, 54013, 21145, 05031, 39053, 48457,
                          05085, 05103, 29069, 39145, 21103, 48405, 21187, 24037, 29143, 18061,
                          54097, 29133, 54021, 05039, 21185, 21023, 05027, 51157, 05053, 18123,
                          22015, 18043, 21007, 24039, 17127, 21191, 21081, 39001, 54041, 24017,
                          05055, 54105, 05067, 18147, 48419, 21101, 21225, 51171, 17069, 48167,
                          51061, 18019, 39079, 48291, 17151
  Coordinates / radius..: (26.553483 N, 81.165851 W) / 1392.40 km
  Time frame............: 2021/7/1 to 2021/9/30
  Number of cases.......: 7670932
  Expected cases........: 5399172.92
  Observed / expected...: 1.42
  Test statistic........: 452243.311681
  P-value...............: < 0.00000000000000001

4.Location IDs included.: 06083, 06079, 06111, 06029, 06031, 06037, 06107, 06053, 06059, 06019,
                          06069, 06039, 06047, 06027, 06087, 06085, 06043, 06099, 06071, 06073,
                          06081, 06001, 06109, 06051, 06077, 06065
  Coordinates / radius..: (34.672880 N, 120.016473 W) / 383.80 km
  Time frame............: 2020/12/1 to 2021/1/31
  Number of cases.......: 3746272
  Expected cases........: 2289879.49
  Observed / expected...: 1.64
  Test statistic........: 399629.390697
  P-value...............: < 0.00000000000000001
_______________________________________________________________________________________________

PARAMETER SETTINGS

Input
-----
  Case File        : C:\Users\umn-ahmad178\Documents\ArcGIS\Projects\covid_arc1\satscan_experiment\cases.cas
  Time Precision   : Month
  Start Time       : 2020/1/1
  End Time         : 2021/11/30
  Coordinates File : C:\Users\umn-ahmad178\Documents\ArcGIS\Projects\covid_arc1\Coordinates.geo
  Coordinates      : Latitude/Longitude

Analysis
--------
  Type of Analysis        : Retrospective Space-Time
  Probability Model       : Space-Time Permutation
  Scan for Areas with     : High Rates
  Time Aggregation Units  : Month
  Time Aggregation Length : 1

Output
------
  Main Results File    : C:\Users\umn-ahmad178\Documents\ArcGIS\Projects\covid_arc1\pros_poiss_st_permut.txt
  Google Earth File    : C:\Users\umn-ahmad178\Documents\ArcGIS\Projects\covid_arc1\pros_poiss_st_permut.kml
  Google Maps File     : C:\Users\umn-ahmad178\Documents\ArcGIS\Projects\covid_arc1\pros_poiss_st_permut.clustermap.html
  Shapefile            : C:\Users\umn-ahmad178\Documents\ArcGIS\Projects\covid_arc1\pros_poiss_st_permut.clustermap.col.shp
  Cartesian Graph File : C:\Users\umn-ahmad178\Documents\ArcGIS\Projects\covid_arc1\pros_poiss_st_permut.cluster.html
  Cluster File         : C:\Users\umn-ahmad178\Documents\ArcGIS\Projects\covid_arc1\pros_poiss_st_permut.cluster.col.dbf

Data Checking
-------------
  Temporal Data Check     : Check to ensure that all cases and controls are within the specified temporal study period.
  Geographical Data Check : Check to ensure that all observations (cases, controls and populations) are within the specified geographical area.

Spatial Neighbors
-----------------
  Use Non-Euclidian Neighbors file : No
  Use Meta Locations File          : No
  Multiple Coordinates Type        : Allow only one set of coordinates per location ID.

Spatial Window
--------------
  Maximum Spatial Cluster Size : 50 percent of population at risk
  Window Shape                 : Circular

Temporal Window
---------------
  Minimum Temporal Cluster Size : 1 Month
  Maximum Temporal Cluster Size : 50 percent of study period

Cluster Restrictions
--------------------
  Minimum Cases in Cluster for High Rates : 2
  Restrict High Rate Clusters             : No

Space And Time Adjustments
--------------------------
  Adjust for Weekly Trends, Nonparametric : No

Inference
---------
  P-Value Reporting                  : Default Combination
  Number of Replications             : 999
  Adjusting for More Likely Clusters : No

Spatial Output
--------------
  Automatically Launch Map                  : Yes
  Compress KML File into KMZ File           : No
  Include All Location IDs in the Clusters  : Yes
  Cluster Location Threshold - Separate KML : 1000
  Report Hierarchical Clusters              : Yes
  Criteria for Reporting Secondary Clusters : No Geographical Overlap
  Restrict Reporting to Smaller Clusters    : No

Temporal Graphs
---------------
  Produce Temporal Graphs : No

Other Output
------------
  Report Critical Values  : No
  Report Monte Carlo Rank : No

Run Options
-----------
  Processor Usage   : All Available Processors
  Suppress Warnings : No
  Logging Analysis  : No
_______________________________________________________________________________________________

Program completed  : Sun Nov 28 04:52:28 2021
Total Running Time : 5 hours 4 minutes 9 seconds
Processor Usage    : 8 processors