                                 _____________________________

                                        SaTScan v9.6.1
                                 _____________________________


Program run on: Sat Nov 27 22:26:25 2021

Prospective Space-Time analysis
scanning for clusters with high rates
using the Discrete Poisson model.
_______________________________________________________________________________________________

SUMMARY OF DATA

Study period.......................: 2020/1/1 to 2021/11/30
Number of locations................: 3108
Population, averaged over time.....: 647103690
Total number of cases..............: 92089180
Annual cases / 100000..............: 7425.4
_______________________________________________________________________________________________

CLUSTERS DETECTED

1.Location IDs included.: 22077, 22125, 22121, 22097, 22033, 22037, 22047, 22009, 28157, 22099,
                          22055, 22039, 22029, 22091, 22005, 22063, 28001, 22001, 22045, 28005,
                          22007, 22079, 22093, 28037, 22025, 22101, 22105, 22003, 22113, 22059,
                          28113, 28063, 22053, 22095, 22043, 28085, 22107, 22089, 22117, 28147,
                          28021, 22115, 22041, 22109, 22103, 22021, 22011, 22127, 28029, 22057,
                          28077, 22051, 22071, 22019, 22023, 28091, 22069, 22065, 22083, 28109,
                          28065, 28149, 22049, 22073, 28045, 28049, 48351, 28073, 28127, 22085,
                          22087, 28031, 22081, 48403, 22035, 22013, 48361, 28035, 22123, 48241,
                          28055, 22061, 28121, 22067, 28131, 22075, 28047, 28129, 22111, 22031,
                          28125, 28067, 28111, 48405, 28163, 28089, 48245, 48457, 22027, 48419,
                          48199, 28123, 05003, 22119, 28061, 28039, 28059, 05017, 28053, 28041,
                          05139, 22015, 28151, 48005, 28153, 22017, 28079, 28101, 48365, 28051,
                          48347, 48071, 48373, 05011, 28023, 48291, 05027, 05043, 01097, 28007,
                          28099, 05013, 01129, 48203, 28133, 28075, 48401, 28083, 05073, 48455,
                          48407, 05103, 28015, 01023, 05041, 48315, 28011, 48167, 28159, 05025,
                          28069, 05091, 48073, 05079, 28097, 48183, 05099, 28019, 48067, 48225,
                          01003, 01025, 05039, 48201, 48339, 48471, 28043, 01119, 28135, 48459,
                          05057, 28155, 28103, 48423, 28105, 05069, 48343, 05001, 01091, 05019,
                          28027, 48037, 48001, 12033, 05053, 48063, 48039, 28161, 28119, 48313,
                          01099, 05081, 28013, 01063, 05107, 48185, 05059, 28025, 48157, 48449,
                          48289, 48499, 01053, 28087, 48473, 05109, 01131, 28107, 28017, 48213,
                          01107, 12113, 05061, 48159, 01065, 05133, 05095, 01035, 48161, 05125,
                          48041, 05085, 48467, 28071, 28143, 05051, 05119, 05117, 48015, 48387,
                          28115, 05077, 28095, 01105, 48223, 01047, 48379, 48477, 28137, 05097,
                          48395, 48481, 01075, 48321, 12091, 01125, 48051, 40089, 01013, 48293,
                          28081, 48119, 28145, 48349, 05123, 05113, 28033, 05105, 48089, 48257,
                          28093, 01007, 01057, 01039, 01085, 48277, 05045, 05147, 28057, 48231,
                          05145, 05149, 28009, 01001, 48145, 48331, 05035, 48397, 01041, 05127,
                          05037, 48287, 01093, 05029, 28139, 48239, 48149, 01021, 12131, 28117,
                          47157, 40023, 48139, 01127, 48147, 48285, 01101, 05023, 05083, 47047,
                          01031, 48113, 48309, 48057, 28003, 40127, 05115, 48085, 01059, 48217,
                          01073, 05067, 01117, 28141, 05111, 05141, 40079, 01133, 01061, 01109,
                          48021, 12059, 47069, 01051, 05131, 47167, 05063, 48469, 48027, 01037,
                          05071, 40013, 12133, 01033, 47109, 48491, 05047, 05137, 12005, 40077,
                          01045, 05031, 48251, 48181, 01011, 05093, 40005, 47075, 48123, 48177,
                          01079, 48439, 01043, 48055, 05129, 48035, 48121, 01087, 47097, 01121,
                          47071, 47023, 48453, 01077, 05075, 48099, 05033, 48007, 01009, 01123,
                          05101, 01115, 05065, 40061, 48391, 47113, 01069, 01005, 05135, 48175,
                          40135, 40121, 05055, 48425, 01103, 40095, 12063, 01027, 47033, 01067,
                          12013, 40029, 47181, 12045, 48097, 48221, 48209, 40069, 05087, 48187,
                          05005, 47077, 05089, 01081, 01083, 47045, 05121, 48193, 48053, 48367,
                          05049, 01113, 47039, 29069, 05143, 29155, 48497, 48281, 01017, 48255,
                          47099, 05009, 47053, 13061, 13239, 05021, 01055, 01015, 40085, 01095,
                          40001, 13099, 40091, 13253, 12077, 48025, 01111, 48409, 48493, 40063,
                          40101, 48091, 47135, 48143, 05015, 40123, 01089, 48031, 47017, 47095,
                          47055, 13201, 12037, 47101, 40021, 13259, 01029, 13243, 40099, 40019,
                          48337, 29181, 29149, 29153, 13215, 47131, 12039, 13037, 13053, 13087,
                          48355, 48333, 13145, 13285, 05007, 48363, 29213, 13149, 29091, 48093,
                          47183, 29023, 48299, 29143, 47103, 47005, 48029, 48237, 40133, 01019,
                          40111, 48297, 47081, 01049, 13007, 13307, 21075, 48259, 40107, 40145,
                          47119, 48411, 47085, 13273, 13143, 13045, 01071, 12129, 29209, 40049,
                          47117, 13197, 29035, 47079, 40067, 29067, 48273, 48013, 29009, 40041,
                          29207, 12073, 13199, 13131, 13263, 13233, 48171, 47127, 29119, 40125,
                          21105, 40097, 13077, 13205, 48133, 13095, 48077, 48249, 29043, 13249,
                          47051, 29133, 48049, 47083, 47003, 29203, 13115, 13261, 13177, 29223,
                          13055, 40137, 48429, 47043, 21083, 48503, 48311, 47187, 13097, 40143,
                          21039, 13269, 40087, 21035, 13223, 40037, 48261, 48319, 29201, 13231,
                          40131, 13293, 40027, 47161, 13083, 13275, 29145, 13113, 29229, 29215,
                          12065, 48325, 13193, 47031, 13295, 29225, 29109, 48307, 48009, 40081,
                          29179, 48019, 40115, 47115, 13321, 13015, 21007, 29077, 47021, 13255,
                          48265, 47149, 13071, 40033, 29017, 21157, 48131, 17003, 40035, 13063,
                          13067, 13171, 47125, 48163, 13121, 47037, 13079, 21145, 47061, 48083,
                          13081, 48489, 40051, 13093, 48059, 13129, 17153, 48485, 21221, 29123,
                          40109, 13047, 29031, 48047, 13225, 13151, 29097, 29093, 47015, 13027,
                          13287, 48417, 29065, 48447, 13207, 13313, 48061, 12123, 17127, 48283,
                          40105, 13089, 21143, 13277, 47177, 13057, 47153, 13035, 29057, 13153,
                          40147, 40119, 29105, 20021, 40031, 12079, 47065, 47189, 48267, 13075,
                          47147, 40117, 17181, 21139, 13021, 13247, 13213, 48327, 21047, 29167,
                          48023, 29059, 13227, 13315, 13235, 48095, 17087, 29169, 40083, 40113,
                          47041, 21033, 21219, 29157, 13217, 48385, 13185, 17151, 47175, 29187,
                          29011, 20099, 29161, 47165, 40141, 13155, 13135, 47011, 48463, 13159,
                          13019, 40017, 13169, 13123, 48215, 48247, 13117, 13289, 40015, 13017,
                          48441, 48399, 47007, 21055, 13023, 29039, 47159, 47169, 29055, 48487,
                          29221, 29186, 13085, 21141, 12067, 17077, 20037, 48507, 47185, 48207,
                          48253, 13297, 21213, 13173, 20125, 13091, 17069, 17199, 48479, 40103,
                          29085, 12029, 29029, 13111, 47139, 21107, 13013, 47143, 12121, 47121,
                          13211, 47141, 40073, 13237, 12047, 48127, 47111, 29125, 13319, 13187,
                          13009, 48275, 21177, 17165, 13101, 13139, 17157, 29217, 40075, 13003,
                          13271, 47087, 20133, 20019, 48427, 47107, 21003, 29131, 13069, 21233,
                          29185, 48137, 13219, 21225, 17059, 48505, 13157, 13175, 17145, 29099,
                          47035, 13291, 17055, 21227, 48451, 20011, 40065, 48155, 13065, 40071,
                          40047, 20205, 17133, 12041, 21031, 13059, 48353, 48413, 13311, 13133,
                          48435, 40011, 13309, 40149, 21149, 47133, 29015, 47027, 29071, 37039,
                          48081, 13141, 29073, 13161, 13011, 21171, 48197, 48433, 48271, 12023,
                          29151, 48151, 20049, 47123, 29141, 17065, 12075, 20001, 13303, 48323,
                          29051, 21009, 21183, 21101, 13281, 47145, 20035, 13137, 17189, 13167,
                          13195, 13221, 13209, 21061, 13005, 29013, 48269, 13283, 13299, 17163,
                          29083, 37043, 47105, 17193, 17081, 40055, 40039, 13265, 18129, 47049,
                          47129, 20207, 13119, 21059, 20107, 29135, 40053, 21057, 13257, 47137,
                          12125, 29189, 37075, 21169, 29510, 40057, 13301, 13001, 13125, 18163,
                          21085, 12003, 13279, 40093, 13241, 12001, 48235, 48101, 29219, 21053,
                          13229, 13317, 20003, 17027, 48335, 29183, 21099, 47009, 20073, 40043,
                          12017, 29027, 13049, 13107, 29159, 13147, 13105, 13163, 20191, 17191,
                          48431, 40009, 48263, 21091, 37113, 12007, 48415, 48075, 29053, 18173,
                          13189, 47001, 40003, 47151, 12103, 18147, 29139, 45073, 29101, 17119,
                          17121, 17047, 21087, 13267, 29037, 21027, 12053, 20031, 13025, 21001,
                          48465, 20015, 18051, 13043, 21231, 48125, 20121, 47093, 37173, 21207,
                          29019, 13181, 13305, 17185, 12101, 29113, 17005, 13073, 21093, 21123,
                          12083, 40129, 13109, 20077, 20059, 47013, 12089, 18123, 48087, 48105,
                          12019, 17083, 37099, 17025, 21217, 21147, 47155, 48345, 45007, 13165,
                          45001, 45065, 13033, 29089, 18125, 13183, 20173, 17013, 13245, 12119,
                          17159, 29007, 21163, 48383, 13039, 29195, 48227, 47173, 48191, 29107,
                          45077, 40151, 48173, 17051, 12031, 12057, 40153, 13031, 18037, 48169,
                          20091, 12107, 29095, 48033, 20111, 21155, 21045, 17101, 20017, 20139,
                          13127, 37175, 29163, 48483, 21199, 47089, 21235, 17117, 18025, 18083,
                          37087, 17135, 45037, 45047, 17061, 48107, 17049, 13179, 21179, 20045,
                          20095, 12081, 13251, 21029, 47057, 18061, 40045, 13191, 29175, 20079,
                          17079, 13029, 20007, 47025, 29137, 47029, 20209, 12069, 12109, 45045,
                          18027, 21229, 29173, 48129, 12115, 48153, 29033, 21137, 29177, 47063,
                          17033, 48211, 21021, 29041, 18117, 20115, 13103, 45003, 29047, 21125,
                          18101, 45059, 21121, 21013, 37089, 17149, 18043, 21111, 20103, 48045,
                          21215, 45081, 48317, 48461, 17173, 21203, 17171, 12035, 48329, 45011,
                          20127, 45005, 17035, 20177, 20155, 48305, 21167, 48179, 48115, 13051,
                          37021, 17021, 37115, 48443, 40059, 29165, 18153, 21079, 12105, 20197,
                          20087, 47067, 20033, 17137, 18175, 29127, 29205, 21005, 20151, 45083,
                          47059, 48303, 48295, 45049, 37149, 12049, 18093, 20113, 18055, 18019,
                          29025, 29121, 45071, 45053, 17023, 21211, 12127, 21051, 29049, 17167,
                          21109, 12095, 21185, 47073, 21113, 29117, 12117, 48011, 17029, 29115,
                          51105, 48393, 21239, 17139, 21151, 12027, 48189, 17009, 21095, 17001,
                          45009, 45087, 45063, 12015, 20061, 18143, 29021, 20005, 17017, 37199,
                          21131, 20041, 20097, 21073, 48437, 20085, 47171, 37161, 20159, 48103,
                          18167, 21189, 18071, 20185, 29111, 21103, 17115, 21067, 37111, 21065,
                          45013, 47179, 18105, 48135, 48065, 18021, 21223, 20025, 29103, 45021,
                          48445, 17129, 18119, 29061, 29063, 17041, 20169, 21129, 12097, 17169,
                          48357, 37121, 20149, 17045, 12071, 21049, 29001, 18077, 20043, 21209,
                          40007, 21193, 45029, 29079, 48219, 48003, 45075, 48371, 18013, 20161,
                          45039, 21041, 12055, 29211, 21197, 51169, 17107, 21187, 20047, 48165,
                          37045, 17147, 45079, 45017, 18079, 48233, 17125, 29003, 48381, 45023,
                          21017, 20053, 21025, 47019, 47163, 20013, 48279, 21133, 21173, 37023,
                          18005, 37011, 17067, 29045, 51720, 21237, 17039, 45091, 18109, 51195,
                          18155, 20009, 18165, 18121, 48069, 29199, 12009, 18133, 20131, 20119,
                          20027, 21077, 20145, 21119, 20143, 21097, 29075, 17109, 20057, 21081,
                          21165, 29197, 45035, 48375, 51520, 17019, 17057, 29087, 48501, 29171,
                          29081, 29129, 48495, 48195, 21181, 21011, 12043, 18081, 37071, 18137,
                          18115, 48475, 37027, 37109, 20117, 37189, 48079, 21153, 12093, 19111,
                          20105, 18031, 47091, 17179, 21191, 45055, 18063, 21175, 21201, 17183,
                          45057, 31147, 37035, 21015, 51051, 45085, 18145, 48341, 29147, 51191,
                          21071, 18029, 17113, 29227, 20175, 21069, 51167, 19177, 12051, 48017,
                          12061, 18045, 20083, 20165, 21117, 19051, 20029, 21205, 45027, 21023,
                          18107, 19007, 20167, 48043, 37119, 18097, 20201, 12021, 45019, 17071,
                          19185, 20069, 21037, 37003, 21161, 31133, 48369, 21115, 37009, 48117,
                          17187, 45061, 21195, 19053, 45015, 17143, 21063, 40139, 29005, 18047,
                          18139, 19057, 48421, 20123, 37179, 18011, 18171, 19159, 35025, 17053,
                          39061, 17203, 31127, 18059, 20081, 12111, 19087, 51027, 17095, 37193,
                          48301, 37097, 21159, 19101, 39025, 20189, 21135, 19173, 48359, 19179,
                          20135, 18041, 20051, 21043, 51173, 20157, 37025, 21127, 19135, 48389,
                          39015, 18057, 45025, 31097, 18157, 31067, 19117, 12085, 19145, 20141,
                          39017, 18161, 37005, 18023, 45089, 45031, 19039, 51077, 17105, 31095,
                          17123, 17175, 18007, 37159, 17075, 54059, 51185, 20055, 19115, 18065,
                          39001, 17131, 48205, 19175, 19071, 20067, 37007, 20089, 35041, 37167,
                          12099, 45041, 18095, 54047, 21089, 21019, 31131, 54099, 37059, 18159,
                          35009, 18177, 19003, 37197, 39165, 19183, 19107, 20195, 31169, 20129,
                          20101, 19123, 17155, 39135, 18015, 51640, 54045, 19125, 20163, 39071,
                          17073, 12087, 51197, 19137, 48111, 37171, 18067, 39145, 45043, 19181,
                          18181, 45069, 18035, 48243, 12011, 19139, 39027, 37057, 17161, 31151,
                          51021, 18111, 54109, 19121, 20183, 31129, 19129, 17011, 54043, 39113,
                          20093, 37123, 37153, 31025, 39087, 51035, 20187, 17091, 17099, 18135,
                          45067, 19001, 17063, 31109, 54011, 40025, 39131, 37067, 20171, 18017,
                          48377, 18053, 18073, 45033, 35037, 54005, 31059, 19029, 19163, 35015,
                          54055, 39057, 19103, 20063, 20065, 12086, 19095, 37165, 39037, 31181,
                          19157, 18009, 18103, 31153, 51155, 37169, 19099, 37151, 20147, 18131,
                          39047, 19031, 48109, 54081, 19153, 19155, 39079, 39141, 39109, 18075,
                          31159, 45051, 20075, 31035, 39053, 17197, 17195, 51141, 54079, 37125,
                          19049, 20203, 18169, 51750, 17093, 51071, 39023, 17103, 31061, 18049,
                          31055, 51063, 35005, 37081, 19077, 37155, 08009, 19045, 37093, 18089,
                          54053, 54039, 31185, 20179, 18069, 54089, 18179, 31155, 19009, 31001,
                          18149, 51121, 20137, 39163, 20109, 39107, 39149, 54019, 39129, 39097,
                          18127, 37157, 19113, 19165, 39021, 19011, 19127, 35011, 18001, 31083,
                          19171, 31081, 17037, 54063, 19105, 31023, 19169, 51089, 35021, 20071,
                          51690, 35059, 17015, 37105, 31177, 18099, 37037, 31099, 39105, 08099,
                          37047, 17141, 19015, 19085, 37001, 19097, 17043, 54035, 18085, 17089,
                          39073, 18091, 39011, 31143, 18183, 17031, 19073, 37051, 51067, 39091,
                          51161, 20193, 20039, 31079, 51045, 51775, 39049, 31053, 54087, 54015,
                          39161, 19027, 39045, 31065, 39009, 37085, 37017, 18003, 51770, 31137,
                          31121, 54067, 37033, 39159, 20199, 54025, 37135, 17085, 51590, 18141,
                          31037, 19047, 19075, 17177, 39003, 19083, 19019, 19055, 37019, 31021,
                          19061, 19013, 17201, 18113, 54105, 19079, 31019, 39127, 48229, 17007,
                          18039, 51143, 35019, 54013, 39041, 54107, 39065, 39125, 31073, 31141,
                          31125, 19133, 37063, 17111, 37163, 31145, 31093, 51005, 19187, 51023,
                          51580, 08011, 20153, 19025, 18033, 39115, 37145, 39137, 37183, 39089,
                          31039, 20181, 17097, 08061, 51019, 54007, 26021, 18087, 19161, 55065,
                          39101, 39167, 54101, 54021, 35047, 19023, 39039, 37101, 31167, 26027,
                          55045, 31163, 19017, 54085, 37129, 19093, 19069, 35027, 31173, 39063,
                          55105, 08017, 31063, 51083, 39117, 19043, 37141, 39119, 31047, 19197,
                          37077, 39175, 54073, 18151, 19065, 31011, 35035, 55043, 31087, 31119,
                          31077, 54075, 55059, 55127, 19193, 39083, 26149, 51031, 51017, 37061,
                          08071, 39171, 39069, 19091, 51680, 39121, 20023, 51678, 19151, 51163,
                          54041, 37191, 51530, 08089, 31179, 35033, 37069, 39033, 31043, 35007,
                          55049, 54017, 37181, 19021, 19037, 55101, 54095, 31175, 26023, 26159,
                          51009, 19067, 39031, 54097, 08063, 39111, 39051, 51037, 39059, 39173,
                          19033, 19035, 39139, 31085, 39147, 37195, 55025, 19081, 51011, 51091,
                          31183, 51117, 31051, 31139, 26059, 37127, 55055, 26077, 31057, 31041,
                          55023, 37107, 54083, 48141, 54033, 37133, 19005, 19149, 31003, 08025,
                          19191, 37185, 55133, 39075, 37079, 54103, 35057, 19147, 55079, 39005,
                          39143, 39095, 51125, 19089, 19109, 31071, 51015, 19131, 54001, 26025,
                          39013, 19041, 51147, 55103, 31111, 37103, 51111, 39077, 26091, 31027,
                          51790, 26005, 39157, 19195, 54051, 46127, 31029, 54049, 19189, 19141,
                          54091, 55111, 51820, 39123, 08073, 37065, 51029, 08125, 39169, 54071,
                          39067, 31115, 37147, 37083, 39043, 55021, 26075, 19167, 55123, 19063,
                          26015, 55027, 51025, 46027, 51135, 37049, 55131, 31107, 54093, 35049,
                          26115, 54069, 27055, 51049, 27045, 54061, 19059, 08101, 31135, 27099,
                          51003, 31113, 51660, 55089, 42059, 39103, 39019, 26139, 27047, 51165,
                          39093, 08055, 51540, 35055, 26045, 39151, 31009, 19143, 39081, 51007,
                          31089, 35013, 54009, 54077, 27043, 51065, 51081, 26161, 37131, 51595,
                          46135, 37117, 54023, 08095, 27091, 19119, 08023, 51079, 55063, 51053,
                          37031, 39153, 46083, 51145, 26065, 08121, 37137, 42125, 55077, 37013,
                          26081, 55047, 31117, 46009, 55081, 31101, 27063, 55057, 54029, 55039,
                          27169, 31149, 51075, 26067, 26121, 31171, 27109, 37015, 35028, 54031,
                          55117, 39029, 55001, 08041, 35053
  Coordinates / radius..: (30.709381 N, 91.600787 W) / 1483.28 km
  Time frame............: 2021/8/1 to 2021/11/30
  Population............: 323268934
  Number of cases.......: 14787066
  Expected cases........: 8017897.34
  Annual cases / 100000.: 13694.3
  Observed / expected...: 1.84
  Relative risk.........: 2.01
  Log likelihood ratio..: 2561789.635030
  P-value...............: < 0.00000000000000001
  Recurrence interval...: 8333333333333333 years
_______________________________________________________________________________________________

PARAMETER SETTINGS

Input
-----
  Case File        : C:\Users\umn-ahmad178\Documents\ArcGIS\Projects\covid_arc1\satscan_experiment\cases.cas
  Population File  : C:\Users\umn-ahmad178\Documents\ArcGIS\Projects\covid_arc1\Population.pop
  Time Precision   : Month
  Start Time       : 2020/1/1
  End Time         : 2021/11/30
  Coordinates File : C:\Users\umn-ahmad178\Documents\ArcGIS\Projects\covid_arc1\Coordinates.geo
  Coordinates      : Latitude/Longitude

Analysis
--------
  Type of Analysis        : Prospective Space-Time
  Probability Model       : Discrete Poisson
  Scan for Areas with     : High Rates
  Time Aggregation Units  : Month
  Time Aggregation Length : 1

Output
------
  Main Results File    : C:\Users\umn-ahmad178\Documents\ArcGIS\Projects\covid_arc1\pros_poiss_st.txt
  Google Earth File    : C:\Users\umn-ahmad178\Documents\ArcGIS\Projects\covid_arc1\pros_poiss_st.kml
  Google Maps File     : C:\Users\umn-ahmad178\Documents\ArcGIS\Projects\covid_arc1\pros_poiss_st.clustermap.html
  Shapefile            : C:\Users\umn-ahmad178\Documents\ArcGIS\Projects\covid_arc1\pros_poiss_st.clustermap.col.shp
  Cartesian Graph File : C:\Users\umn-ahmad178\Documents\ArcGIS\Projects\covid_arc1\pros_poiss_st.cluster.html
  Cluster File         : C:\Users\umn-ahmad178\Documents\ArcGIS\Projects\covid_arc1\pros_poiss_st.cluster.col.dbf

Data Checking
-------------
  Temporal Data Check     : Check to ensure that all cases and controls are within the specified temporal study period.
  Geographical Data Check : Check to ensure that all observations (cases, controls and populations) are within the specified geographical area.

Spatial Neighbors
-----------------
  Use Non-Euclidian Neighbors file : No
  Use Meta Locations File          : No
  Multiple Coordinates Type        : Allow only one set of coordinates per location ID.

Spatial Window
--------------
  Maximum Spatial Cluster Size     : 50 percent of population at risk
  Include Purely Temporal Clusters : No
  Window Shape                     : Circular

Temporal Window
---------------
  Minimum Temporal Cluster Size   : 1 Month
  Maximum Temporal Cluster Size   : 50 percent of study period
  Include Purely Spatial Clusters : No

Cluster Restrictions
--------------------
  Minimum Cases in Cluster for High Rates : 2
  Restrict High Rate Clusters             : No

Space And Time Adjustments
--------------------------
  Temporal Adjustment                     : None
  Adjust for Weekly Trends, Nonparametric : No
  Spatial Adjustment                      : None
  Adjust for known relative risks         : No

Inference
---------
  P-Value Reporting                  : Default Combination
  Number of Replications             : 999
  Adjusting for More Likely Clusters : No

Spatial Output
--------------
  Automatically Launch Map                  : Yes
  Compress KML File into KMZ File           : No
  Include All Location IDs in the Clusters  : Yes
  Cluster Location Threshold - Separate KML : 1000
  Report Hierarchical Clusters              : Yes
  Criteria for Reporting Secondary Clusters : No Geographical Overlap
  Restrict Reporting to Smaller Clusters    : No

Temporal Graphs
---------------
  Produce Temporal Graphs : No

Other Output
------------
  Report Critical Values  : No
  Report Monte Carlo Rank : No

Run Options
-----------
  Processor Usage   : All Available Processors
  Suppress Warnings : No
  Logging Analysis  : No
_______________________________________________________________________________________________

Program completed  : Sat Nov 27 22:39:24 2021
Total Running Time : 12 minutes 59 seconds
Processor Usage    : 8 processors