                                 _____________________________

                                        SaTScan v9.6.1
                                 _____________________________


Program run on: Sat Nov 27 17:33:19 2021

Retrospective Space-Time analysis
scanning for clusters with high rates
using the Discrete Poisson model.
_______________________________________________________________________________________________

SUMMARY OF DATA

Study period.......................: 2020/1/1 to 2021/11/30
Number of locations................: 3108
Population, averaged over time.....: 647103690
Total number of cases..............: 92089180
Annual cases / 100000..............: 7425.4
_______________________________________________________________________________________________

CLUSTERS DETECTED

1.Location IDs included.: 20187, 20129, 20067, 20075, 20189, 20093, 08099, 08009, 20081, 20175,
                          40139, 20071, 20055, 20203, 40025, 20069, 08011, 20171, 08061, 20119,
                          48421, 40007, 48195, 20199, 20101, 08017, 48111, 20109, 48357, 20057,
                          08089, 20083, 20025, 20063, 35059, 48341, 20135, 08025, 48233, 48295,
                          20181, 08071, 48205, 40059, 08063, 20193, 48393, 08073, 20097, 20047,
                          20195, 20033, 20179, 20145, 40045, 48211, 48375, 20165, 48065, 20023,
                          08101, 48359, 20153, 48179, 40153, 20065, 35021, 20051, 20151, 20039,
                          40151, 20185, 35007, 48483, 20007, 08125, 08041, 40129, 08055, 08039,
                          20009, 48381, 31057, 48011, 20163, 08121, 20137, 31087, 48117, 48129,
                          40043, 20167, 31145, 35037, 40009, 48087, 40003, 40093, 08027, 08005,
                          20095, 08023, 20147, 20159, 40039, 20155, 20141, 31029, 08119, 35033,
                          20077, 31065, 31085, 08043, 08035, 48437, 20053, 08001, 48069, 08095,
                          48045, 08087, 48369, 31063, 48191, 40011, 08003, 20105, 40055, 40149,
                          31083, 35047, 35055, 40057, 20183, 35009, 08031, 40053, 31135, 48075,
                          31073, 08075, 08115, 20123, 20113, 08059, 40047, 31061, 20173, 20191,
                          08093, 20169, 31137, 20079, 40073, 40075, 48189, 08014, 48153, 08021,
                          48279, 40065, 20089, 31049, 31111, 48345, 08109, 48017, 20143, 08123,
                          35019, 31101, 40015, 31047, 08105, 31181, 40017, 08015, 48197, 31099,
                          08019, 48101, 08047, 20029, 08013, 40071, 31033, 20115, 35041, 40103,
                          40083, 35011, 20041, 31019, 31001, 31129, 20015, 31105, 08065, 48155,
                          40141, 20157, 20035, 35049, 40031, 48303, 48107, 08117, 48219, 35028,
                          31005, 48125, 20027, 31117, 40051, 48487, 48079, 40109, 35039, 08079,
                          31069, 40119, 31113, 48269, 31035, 31041, 20017, 31079, 31169, 20127,
                          08007, 20061, 08069, 08049, 40117, 31007, 31163, 31123, 08051, 40033,
                          20201, 48275, 40027, 20161, 40087, 08097, 40081, 31075, 08037, 48485,
                          56021, 08053, 31091, 48305, 40113, 20049, 35057, 31059, 48169, 20073,
                          31081, 48445, 20019, 40137, 31093, 31171, 48263, 31095, 48023, 48501,
                          35043, 20111, 31157, 31175, 40125, 48433, 31009, 20197, 40049, 31121,
                          20149, 31185, 40037, 31151, 08111, 20117, 35001, 48009, 48207, 08057,
                          31115, 40067, 31077, 35005, 08091, 31013, 40147, 48077, 20205, 20207,
                          31067, 40133, 20125, 08067, 20031, 48115, 31125, 48033, 35027, 31071,
                          48447, 40107, 48415, 48165, 31143, 31159, 20139, 40143, 40099, 40019,
                          56015, 08029, 48151, 35025, 20177, 35061, 31161, 40105, 08107, 40123,
                          31031, 31183, 20131, 31133, 31011, 20085, 40111, 48503, 48253, 31017,
                          40131, 56001, 31109, 48337, 40063, 31023, 20133, 20001, 31097, 31165,
                          40085, 20003, 20099, 31149, 08085, 56031, 31141, 08045, 20059, 48417,
                          48237, 08113, 48317, 31045, 48227, 40145, 40069, 20045, 20087, 40035,
                          48335, 48003, 35045, 08033, 40029, 20013, 31131, 31147, 48353, 40091,
                          40097, 40095, 48429, 31037, 48097, 31089, 31155, 31127, 31119, 08083,
                          31003, 20005, 08077, 35053, 48441, 20011, 35015, 20037, 48497, 40101,
                          31025, 20107, 20021, 20103, 40121, 31103, 20121, 08103, 35031, 48363,
                          40115, 31167, 48059, 20091, 46007, 31053, 20043, 40005, 31153, 35006,
                          40021, 46121, 31139, 40041, 48329, 48173, 29087, 29005, 20209, 48181,
                          56007, 48135, 31055, 40013, 19071, 48431, 48133, 48081, 29165, 48121,
                          48367, 46102, 31039, 48495, 31015, 46047, 29021, 31177, 08081, 40061,
                          31179, 56027, 31107, 29217, 19129, 29011, 48301, 29013, 35035, 40077,
                          48399, 29097, 29037, 40001, 29003, 46123, 29145, 46053, 31021, 29119,
                          29095, 40135, 29047, 48439, 19145, 29147, 40127, 48221, 46095, 48143,
                          48147, 48085, 48083, 31173, 56009, 31027, 29049, 19155, 46071, 05007,
                          46023, 48475, 48103, 40023, 19085, 46009, 19137, 48461, 48383, 31051,
                          48093, 29063, 48049, 46033, 35051, 48451, 05143, 31043, 48425, 49019,
                          29039, 48235, 29057, 40079, 48113, 29075, 48251, 19133, 29109, 29185,
                          19173, 29083, 49037, 29177, 05033, 48277, 46043, 29101, 46135, 29009,
                          48397, 29227, 48231, 48095, 48389, 29025, 46075, 29107, 19165, 19003,
                          46015, 46027, 46103, 05131, 35003, 48119, 19029, 46085, 48109, 19193,
                          29061, 46067, 49047, 04001, 46127, 48193, 48035, 48333, 56025, 56045,
                          46003, 48139, 05087, 29167, 19047, 40089, 19159, 35013, 05047, 29081,
                          48307, 29209, 48257, 19149, 05015, 29085, 46035, 19009, 29077, 48223,
                          46055, 29015, 29033, 46125, 48387, 48413, 48217, 48379, 29159, 19175,
                          19001, 05127, 48229, 46017, 29117, 19093, 46061, 48371, 56037, 05113,
                          49009, 48105, 48141, 48411, 29043, 48327, 29079, 46083, 46117, 05083,
                          29195, 48159, 46073, 29059, 19027, 19077, 46065, 46081, 19053, 46087,
                          05071, 48467, 19167, 48099, 19035, 29129, 48281, 19161, 29213, 48349,
                          46111, 46093, 48449, 05101, 05009, 29141, 29225, 05133, 19121, 48499,
                          19039, 48309, 48243, 29029, 48435, 49015, 29115, 29053, 48319, 29041,
                          49007, 46099, 46097, 04017, 19119, 46069, 48063, 05061, 05149, 19073,
                          05097, 48213, 49055, 35017, 19021, 19141, 19049, 05081, 29211, 49013,
                          46119, 56005, 48037, 48343, 35029, 48267, 29105, 19185, 19025, 46059,
                          29089, 29135, 48299, 56011, 05115, 48443, 46005, 46079, 19181, 48293,
                          48459, 05089, 48053, 19117, 29229, 29171, 05109, 29131, 27133, 29067,
                          46137, 56019, 48027, 48423, 46019, 05129, 19143, 48161, 48145, 04011,
                          19041, 19151, 29153, 29175, 19015, 46101, 46077, 29051, 29121, 19153,
                          48067, 56013, 29019, 29169, 19187, 05051, 05105, 19007, 29001, 48171,
                          05057, 46041, 46107, 27105, 48183, 48001, 49017, 05005, 05029, 48137,
                          48465, 19125, 27117, 19059, 05141, 05091, 48315, 19135, 56041, 19147,
                          48491, 56043, 29197, 46049, 48265, 46011, 19091, 19169, 29215, 49051,
                          29125, 05019, 46115, 48031, 49043, 48377, 19079, 48043, 29027, 48395,
                          05059, 48331, 29151, 48203, 49039, 48289, 19099, 29137, 48073, 29205,
                          05137, 27101, 48385, 46025, 46057, 29161, 05125, 27063, 05099, 29091,
                          29103, 19051, 48401, 19063, 05073, 46105, 48453, 56017, 29007, 49041,
                          46129, 05045, 19123, 27081, 35023, 29199, 49025, 19197, 05065, 48259,
                          19179, 05049, 19109, 04009, 46045, 19127, 05023, 48019, 56035, 49049,
                          46063, 19083, 48209, 05119, 29065, 29073, 27033, 48225, 46031, 46039,
                          22017, 48365, 46029, 56033, 48313, 27083, 04005, 49031, 27091, 29139,
                          30011, 05027, 19157, 05039, 29111, 04007, 29127, 19081, 05053, 05103,
                          48041, 29173, 29203, 19177, 48051, 56023, 22015, 48287, 48091, 29055,
                          48271, 29045, 19069, 46021, 19107, 29149, 48021, 49033, 30075, 49029,
                          19101, 05135, 48347, 48463, 56003, 05063, 05145, 27165, 46037, 19171,
                          19075, 27173, 46089, 46013, 27127, 29219, 22119, 19189, 49035, 05085,
                          48055, 29071, 48455, 46051, 29163, 48185, 48325, 19033, 27043, 48419,
                          19095, 48471, 27073, 27015, 05013, 38001, 48029, 19111, 38085, 29179,
                          19023, 48187, 22031, 48477, 22027, 17001, 05025, 29113, 29221, 05069,
                          19087, 29035, 19183, 48005, 38011, 49057, 04003, 05121, 05139, 05075,
                          48149, 49011, 05117, 19195, 16007, 05067, 27013, 19011, 49005, 17067,
                          29093, 38051, 29181, 19013, 17149, 46091, 19067, 27023, 48405, 38037,
                          38029, 05147, 29183, 27129, 22081, 27011, 05011, 46109, 27047, 22013,
                          49023, 27103, 19103, 17013, 48177, 48507, 19057, 48407, 48373, 38041,
                          38021, 29099, 48323, 19017, 19115, 05079, 17009, 48339, 48015, 48493,
                          30003, 27161, 29187, 48473, 22061, 19131, 16041, 27151, 38087, 48163,
                          29189, 30025, 49027, 29223, 05095, 17071, 48403, 22111, 19113, 27143,
                          05001, 22085, 19019, 38047, 49001, 19037, 48089, 29123, 17169, 17171,
                          38081, 48013, 04021, 17083, 05043, 05055, 17061, 17109, 16029, 49021,
                          05031, 29023, 56029, 19139, 27149, 27155, 27079, 48285, 27067, 30017,
                          29510, 27147, 05037, 48457, 05111, 05021, 38059, 29186, 27099, 17133,
                          04025, 27085, 22049, 19031, 38045, 56039, 22069, 19089, 05123, 19065,
                          17187, 48123, 05003, 48255, 49045, 38089, 17131, 17137, 48127, 05077,
                          17017, 49053, 27093, 27121, 05041, 27131, 29017, 27039, 19105, 48201,
                          19055, 48241, 22073, 22127, 17163, 05107, 30009, 48291, 38073, 27051,
                          27019, 30087, 38077, 17119, 27139, 22067, 29069, 17117, 17057, 16081,
                          29207, 16071, 17157, 38015, 48157, 29157, 16005, 16019, 48199, 19191,
                          17161, 48351, 48283, 48481, 38033, 19163, 05035, 38043, 38007, 27045,
                          19043, 38065, 30103, 49003, 05017, 17095, 05093, 30109, 27109, 22115,
                          04023, 48311, 29031, 27171, 27041, 17125, 27145, 28011, 48175, 22021,
                          27167, 48239, 38093, 48469, 28027, 22043, 17129, 28143, 30111, 27049,
                          27037, 19045, 30079, 19061, 04013, 22083, 29155, 22123, 27053, 48297,
                          17167, 29143, 29201, 16065, 38057, 19097, 48025, 17073, 19005, 38003,
                          17027, 17135, 04015, 17189, 17005, 28151, 17077, 38025, 17145, 22011,
                          48071, 27157, 16011, 17143, 47157, 04019, 22059, 47167, 28119, 16077,
                          22035, 28033, 17003, 47095, 27141, 30095, 27123, 16043, 48039, 27055,
                          47097, 22041, 48361, 17175, 27169, 28133, 27111, 27153, 22079, 17181,
                          48167, 38017, 48245, 17179, 30021, 17021, 29133, 55043, 48321, 28137,
                          27009, 17107, 47045, 27003, 55023, 48391, 48479, 27163, 55093, 48057,
                          17195, 28055, 38055, 17153, 38083, 22025, 22065, 17085, 28135, 28107,
                          21075, 28125, 17051, 27027, 38031, 22019, 22003, 16051, 27097, 17015,
                          38103, 28083, 47131, 17081, 17055, 55091, 17199, 17121, 21007, 55011,
                          30065, 28053, 17011, 48409, 27059, 16031, 22107, 17123, 21039, 47075,
                          47047, 17087, 38039, 55109, 21105, 30097, 38053, 55065, 17203, 17115,
                          48007, 48131, 55123, 55063, 30067, 47033, 28093, 48249, 17155, 17173,
                          22039, 38091, 27159, 27095, 27025, 22029, 22009, 28149, 17039, 55121,
                          32017, 38027, 30037, 17127, 55103, 27005, 21145, 47053, 55049, 28161,
                          22053, 16033, 30083, 32033, 28043, 17177, 30033, 48355, 28071, 17049,
                          28163, 17113, 38097, 55033, 17065, 17103, 16067, 17165, 17151, 22023,
                          17139, 28015, 27065, 21083, 30055, 28051, 17025, 47183, 28001, 27107,
                          28009, 28021, 55095, 17191, 47069, 17141, 17147, 47113, 28063, 55081,
                          27035, 16023, 55045, 30031, 04012, 22001, 17099, 38061, 55035, 38005,
                          32003, 38101, 21139, 22097, 30069, 55053, 38063, 48273, 28049, 28097,
                          27087, 38049, 17069, 30107, 17059, 28013, 55111, 21157, 17035, 28157,
                          17193, 28139, 17105, 38069, 28145, 17201, 17029, 17079, 47017, 48505,
                          28089, 47023, 27057, 55005, 17041, 21035, 16053, 17159, 28037, 30057,
                          38035, 47079, 48247, 28115, 17047, 38105, 22077, 22125, 21055, 55013,
                          16063, 55017, 55057, 27115, 17019, 27021, 17037, 28155, 47109, 55025,
                          21143, 28007, 28029, 22055, 47077, 38071, 17053, 27119, 16013, 48047,
                          21225, 27001, 16083, 17063, 55105, 28003, 30085, 04027, 18129, 17007,
                          17185, 22113, 28017, 28019, 55019, 17093, 28121, 21033, 27029, 47005,
                          28005, 32007, 17033, 17023, 28081, 28085, 21221, 28117, 28079, 17101,
                          55001, 27125, 22037, 30027, 55021, 47039, 17089, 38075, 17045, 55129,
                          21233, 47161, 48261, 47071, 22121, 38099, 55141, 18051, 55107, 18163,
                          17183, 21101, 38013, 22099, 30001, 38009, 28127, 28025, 17111, 27017,
                          30059, 55077, 28123, 17075, 38095, 28105, 28141, 22033, 48427, 38079,
                          16047, 21107, 55055, 47083, 47085, 27113, 28159, 22047, 38023, 17197,
                          55127, 28077, 17091, 22045, 30091, 47135, 30007, 28057, 18083, 28113,
                          30045, 22091, 17043, 18153, 30105, 55119, 21047, 18165, 28095, 28099,
                          18167, 18173, 38019, 55047, 55113, 18125, 55031, 47181, 27089, 28129,
                          30043, 21149, 16025, 55137, 28065, 55027, 47125, 32011, 55097, 16037,
                          18171, 30019, 17031, 27007, 28147, 17097, 48215, 28101, 18121, 28087,
                          30071, 22063, 18045, 47081, 32023, 27061, 30093, 18021, 18027, 38067,
                          47043, 55133, 55073, 18007, 21059, 21177, 48489, 18111, 55059, 22005,
                          01033, 22101, 21219, 47101, 28103, 28031, 18147, 55101, 22105, 01059,
                          01077, 28091, 18055, 16059, 01075, 22007, 18089, 28069, 55099, 01093,
                          18037, 28061, 27069, 22117, 47099, 47021, 55131, 55039, 18119, 22093,
                          18101, 21183, 55079, 18133, 18073, 18107, 55139, 55135, 21091, 21141,
                          16039, 55069, 55007, 18157, 28075, 06071, 30023, 47147, 01107, 28073,
                          28067, 47119, 06025, 18123, 22095, 18181, 18127, 48061, 21031, 55089,
                          30013, 55003, 27135, 01057, 47187, 30005, 18105, 18117, 47037, 28023,
                          18093, 16073, 01079, 47055, 30015, 18025, 18063, 32015, 22103, 28035,
                          21213, 55015, 18109, 27137, 21027, 55087, 06065, 28109, 55117, 55115,
                          01133, 18131, 01119, 27071, 18011, 18015, 22089, 55051, 22109, 18023,
                          21227, 01063, 55067, 21085, 55085, 47117, 18091, 01083, 18149, 27077,
                          47165, 28153, 18013, 21163, 55078, 28111, 16015, 01127, 30049, 21061,
                          30039, 22071, 01125, 18175, 18017, 18061, 22057, 01023, 18097, 18081,
                          30077, 55071, 22051, 18071, 47149, 28045, 21003, 16001, 55009, 55125,
                          47189, 01103, 28131, 47103, 47003, 18049, 18057, 18067, 06027, 30081,
                          01065, 21093, 18159, 47169, 18043, 32009, 18099, 18005, 28041, 01043,
                          55083, 26053, 26021, 18141, 18103, 01089, 16085, 47127, 27075, 30041,
                          21099, 21009, 47111, 28047, 01091, 55041, 18145, 18143, 18059, 18019,
                          47159, 21029, 47015, 55061, 21111, 22087, 21123, 01073, 18079, 28039,
                          01129, 18095, 47031, 01007, 18169, 16045, 30099, 01105, 18085, 21171,
                          16027, 01009, 47051, 18053, 21169, 18031, 47041, 26027, 21087, 30051,
                          01025, 21185, 18077, 18039, 21179, 18139, 55075, 01095, 47087, 28059,
                          26159, 26131, 55037, 47177, 21223, 18065, 22075, 47027, 21215, 06073,
                          18035, 16075, 30063, 18069, 01071, 18137, 01117, 21217, 18183, 21057,
                          21155, 32001, 47061, 26071, 21211, 18009, 47141, 01097, 30073, 01047,
                          01131, 21001, 55029, 16049, 18041, 01115, 32021, 21229, 26005, 21041,
                          21103, 32013, 01021, 47185, 26139, 18113, 26121, 18047, 18155, 27031,
                          18179, 32027, 26149, 16003, 30101, 16087, 47175, 47133, 18087, 47115,
                          26127, 01055, 18029, 18115, 21005, 18177, 01049, 01099, 21053, 41045,
                          26077, 26109, 18135, 21207, 18161, 18075, 47153, 21073, 21077, 26043,
                          47137, 01001, 21167, 21045, 21187, 01121, 26105, 18003, 21021, 13083,
                          18001, 26061, 47007, 21015, 26013, 21239, 01003, 01037, 18033, 01015,
                          47049, 26081, 06051, 26123, 21231, 30047, 01019, 01085, 21081, 47035,
                          06059, 18151, 39135, 26015, 26023, 21137, 21209, 47065, 39017, 13295,
                          39037, 21113, 39061, 21117, 01035, 39107, 13055, 26101, 21079, 30061,
                          01027, 06107, 47143, 01053, 13047, 26025, 21199, 26085, 21067, 06037,
                          01013, 39161, 01051, 16035, 26103, 21037, 32019, 21191, 39125, 21097,
                          01029, 12033, 47129, 47121, 06029, 30035, 21147, 26019, 13115, 26067,
                          39113, 39171, 47011, 01101, 47151, 13313, 21151, 26041, 21203, 39039,
                          21017, 01123, 26107, 26117, 26045, 39109, 26059, 16061, 39165, 39025,
                          41001, 13233, 47145, 39149, 21049, 39011, 21023, 47107, 01111, 26165,
                          30029, 13143, 01041, 21201, 26133, 12113, 32029, 13129, 41063, 13213,
                          21181, 26083, 21125, 32005, 39003, 26089, 30089, 21235, 39137, 21109,
                          26075, 21065, 47139, 26055, 13015, 21173, 47013, 01039, 39015, 47105,
                          39057, 16069, 47001, 13045, 26037, 01087, 01017, 32510, 21161, 39069,
                          39051, 39027, 41025, 13223, 26073, 32031, 21197, 13149, 26065, 39023,
                          06003, 01109, 47123, 21011, 39021, 06019, 26057, 16079, 01011, 21069,
                          39091, 13123, 06039, 26091, 21121, 26113, 26003, 21129, 12091, 01081,
                          26035, 06111, 53003, 39071, 13111, 13227, 13097, 06043, 21189, 06109,
                          21051, 47093, 21165, 39065, 16057, 01031, 41061, 47173
  Coordinates / radius..: (37.563005 N, 101.784217 W) / 1598.14 km
  Time frame............: 2020/11/1 to 2021/1/31
  Population............: 323461964
  Number of cases.......: 19368678
  Expected cases........: 6049893.59
  Annual cases / 100000.: 23772.2
  Observed / expected...: 3.20
  Relative risk.........: 3.79
  Log likelihood ratio..: 10307532.263116
  P-value...............: < 0.00000000000000001
_______________________________________________________________________________________________

PARAMETER SETTINGS

Input
-----
  Case File        : C:\Users\umn-ahmad178\Documents\ArcGIS\Projects\covid_arc1\satscan_experiment\cases.cas
  Population File  : C:\Users\umn-ahmad178\Documents\ArcGIS\Projects\covid_arc1\Population.pop
  Time Precision   : Month
  Start Time       : 2020/1/1
  End Time         : 2021/11/30
  Coordinates File : C:\Users\umn-ahmad178\Documents\ArcGIS\Projects\covid_arc1\Coordinates.geo
  Coordinates      : Latitude/Longitude

Analysis
--------
  Type of Analysis        : Retrospective Space-Time
  Probability Model       : Discrete Poisson
  Scan for Areas with     : High Rates
  Time Aggregation Units  : Month
  Time Aggregation Length : 1

Output
------
  Main Results File    : C:\Users\umn-ahmad178\Documents\ArcGIS\Projects\covid_arc1\ret_poiss_st.txt
  Google Earth File    : C:\Users\umn-ahmad178\Documents\ArcGIS\Projects\covid_arc1\ret_poiss_st.kml
  Google Maps File     : C:\Users\umn-ahmad178\Documents\ArcGIS\Projects\covid_arc1\ret_poiss_st.clustermap.html
  Shapefile            : C:\Users\umn-ahmad178\Documents\ArcGIS\Projects\covid_arc1\ret_poiss_st.clustermap.col.shp
  Cartesian Graph File : C:\Users\umn-ahmad178\Documents\ArcGIS\Projects\covid_arc1\ret_poiss_st.cluster.html
  Cluster File         : C:\Users\umn-ahmad178\Documents\ArcGIS\Projects\covid_arc1\ret_poiss_st.cluster.col.dbf

Data Checking
-------------
  Temporal Data Check     : Check to ensure that all cases and controls are within the specified temporal study period.
  Geographical Data Check : Check to ensure that all observations (cases, controls and populations) are within the specified geographical area.

Spatial Neighbors
-----------------
  Use Non-Euclidian Neighbors file : No
  Use Meta Locations File          : No
  Multiple Coordinates Type        : Allow only one set of coordinates per location ID.

Spatial Window
--------------
  Maximum Spatial Cluster Size     : 50 percent of population at risk
  Include Purely Temporal Clusters : No
  Window Shape                     : Circular

Temporal Window
---------------
  Minimum Temporal Cluster Size   : 1 Month
  Maximum Temporal Cluster Size   : 50 percent of study period
  Include Purely Spatial Clusters : No

Cluster Restrictions
--------------------
  Minimum Cases in Cluster for High Rates : 2
  Restrict High Rate Clusters             : No

Space And Time Adjustments
--------------------------
  Temporal Adjustment                     : None
  Adjust for Weekly Trends, Nonparametric : No
  Spatial Adjustment                      : None
  Adjust for known relative risks         : No

Inference
---------
  P-Value Reporting                  : Default Combination
  Number of Replications             : 999
  Adjusting for More Likely Clusters : No

Spatial Output
--------------
  Automatically Launch Map                  : Yes
  Compress KML File into KMZ File           : No
  Include All Location IDs in the Clusters  : Yes
  Cluster Location Threshold - Separate KML : 1000
  Report Hierarchical Clusters              : Yes
  Criteria for Reporting Secondary Clusters : No Geographical Overlap
  Restrict Reporting to Smaller Clusters    : No

Temporal Graphs
---------------
  Produce Temporal Graphs : No

Other Output
------------
  Report Critical Values  : No
  Report Monte Carlo Rank : No

Run Options
-----------
  Processor Usage   : All Available Processors
  Suppress Warnings : No
  Logging Analysis  : No
_______________________________________________________________________________________________

Program completed  : Sat Nov 27 19:25:15 2021
Total Running Time : 1 hour 51 minutes 56 seconds
Processor Usage    : 8 processors